-8.88562e-09   -2.23092e-07   6.52408e-08   1.08534e-07   -1.28268e-07   3.22869e-08   -1.1986e-07   2.17733e-07   -1.40021e-07   -6.56409e-08   -1.19207e-07   5.17394e-08   -8.78858e-08   -6.06298e-08   1.23461e-07   1.66812e-07   -1.15633e-07   1.03584e-07   -1.35623e-07   1.92067e-08   -6.69929e-08   -1.67777e-08   -4.01976e-08   1.65171e-07   -8.57282e-08   1.34567e-07   1.65979e-07   1.60947e-07   -1.55783e-08   -8.61615e-08   3.91536e-08   -3.72098e-08   
8.59578e-08   7.35917e-08   -2.44276e-08   -1.79083e-07   5.11331e-08   -7.97943e-08   -5.34137e-09   5.34922e-08   -1.11802e-07   -9.72112e-08   1.37724e-08   -4.98648e-08   1.53407e-07   -2.24378e-08   1.89138e-07   -3.28996e-08   -9.70129e-08   7.92855e-10   -2.29872e-08   -3.93451e-08   9.32243e-08   2.87142e-08   1.33649e-07   1.87023e-07   -3.19676e-07   -8.24098e-08   -8.46956e-08   -9.75378e-08   1.2059e-07   -7.63335e-08   7.82214e-08   1.63243e-07   
-7.09295e-08   -5.49173e-09   3.00806e-08   -3.36756e-08   -1.53656e-07   -1.74308e-07   -2.75536e-08   1.67161e-07   -1.97114e-07   -1.47724e-08   1.3222e-07   -1.25564e-07   -4.50468e-08   2.93299e-08   1.65638e-07   4.44304e-08   5.87924e-08   1.4269e-08   2.89423e-08   3.33858e-08   -2.93664e-08   -3.7125e-09   -2.16024e-08   -2.46734e-09   4.67651e-08   3.16462e-08   -1.29751e-07   -6.84675e-09   1.43414e-07   -2.34214e-08   6.07517e-08   7.64688e-08   
8.64586e-08   6.07289e-09   -2.26344e-07   4.63451e-08   9.37739e-08   -1.0195e-07   -1.46178e-07   6.82238e-08   -3.91403e-08   -3.61312e-08   -7.81002e-08   -1.07956e-07   4.39799e-08   5.97885e-08   3.41194e-08   1.74117e-07   -2.00635e-07   4.2042e-08   4.6751e-08   -1.29377e-07   -1.67031e-08   6.68841e-08   1.16034e-07   3.7861e-08   5.19971e-08   -9.42441e-09   -1.78867e-09   3.20594e-08   6.17265e-08   -2.30659e-07   1.49559e-07   1.0947e-07   
1.6544e-07   -9.29571e-08   1.24667e-07   -7.30102e-08   1.35215e-07   -1.69782e-08   -1.83396e-07   -5.33537e-09   -1.1613e-08   8.14684e-08   -2.99119e-08   -3.70563e-08   8.12365e-08   -2.41375e-07   2.41364e-07   -1.19243e-08   -1.30019e-07   -2.92283e-08   -1.33465e-08   2.6291e-08   1.10894e-07   -2.5853e-08   -1.3777e-07   1.33869e-07   6.02214e-08   2.49848e-08   2.43622e-08   -1.32967e-07   7.4205e-08   7.95488e-08   -7.07365e-08   -1.17949e-07   
-9.31004e-08   2.70083e-08   7.94879e-08   -5.0405e-08   -6.49196e-08   4.62136e-08   1.05725e-07   4.88839e-08   -7.65685e-08   8.96353e-08   -7.97546e-08   -9.94848e-08   2.82015e-08   -8.64565e-08   -2.0683e-08   6.07678e-08   -1.94373e-07   -2.58071e-08   1.39188e-07   -1.1414e-07   1.11996e-07   1.27826e-07   -4.39106e-08   -6.79379e-08   -9.6494e-08   3.06674e-08   -1.13713e-07   5.56377e-08   -6.35432e-08   1.39008e-07   1.86043e-07   1.2805e-08   
-4.3286e-08   4.04206e-09   9.65498e-08   2.21056e-07   -1.23144e-07   -2.41998e-08   -5.7819e-08   1.28283e-08   -6.29491e-08   -2.33239e-08   -9.40017e-08   1.18548e-08   9.35467e-08   -3.70969e-08   4.4241e-08   -2.56341e-08   1.02602e-07   -9.2457e-09   -8.68482e-08   -4.33868e-08   2.04458e-08   1.16466e-07   1.68998e-07   1.14852e-07   -9.66568e-08   9.62934e-08   -1.31988e-07   5.32689e-09   7.53643e-09   -1.35213e-08   -1.33545e-07   -1.15716e-07   
-3.75778e-08   -1.2336e-08   -9.45376e-08   1.292e-07   8.47403e-08   -8.95264e-08   -4.27233e-08   1.8854e-07   -1.98862e-08   1.2041e-07   1.10278e-07   -3.6882e-08   1.04806e-07   -2.62982e-08   2.07064e-08   1.09198e-07   -8.49609e-08   -7.33791e-08   -5.51778e-08   8.30313e-08   -1.32912e-07   -1.64587e-07   -1.61129e-07   1.40846e-07   1.72029e-08   -1.43669e-07   -4.08891e-08   3.89168e-08   -7.83811e-08   1.45625e-07   6.17813e-08   -6.65185e-08   
4.5101e-09   7.63598e-08   1.5084e-07   9.28825e-08   7.99366e-08   1.93129e-09   6.13264e-08   -2.69545e-08   -1.35454e-07   -1.24244e-07   -1.40868e-07   2.79604e-07   1.46026e-08   -4.59095e-08   4.96918e-10   2.68782e-07   -1.36515e-08   -1.06821e-07   4.16908e-08   -3.1653e-09   -6.39673e-08   4.92747e-08   3.89441e-08   2.00196e-08   -8.00781e-08   -2.214e-07   -5.14883e-08   -1.05424e-07   -1.05753e-07   -6.25452e-08   2.66574e-08   7.67749e-08   
-2.91091e-08   9.83026e-08   -2.07775e-08   5.51709e-08   -2.19862e-07   2.06361e-08   -1.44341e-07   -2.32617e-08   8.78409e-08   5.49587e-09   -2.4132e-07   -1.11063e-07   5.02421e-08   -9.08999e-08   -1.55474e-07   -5.19796e-08   -7.64158e-08   1.87722e-07   -1.30562e-07   1.10254e-07   1.6414e-07   -2.39011e-09   -1.10319e-07   3.18578e-08   1.28138e-07   1.95013e-07   6.15034e-08   1.69112e-07   7.1834e-08   3.61761e-08   -5.88646e-08   -2.17602e-08   
6.86206e-08   2.2931e-07   6.33531e-08   1.38124e-08   -1.63753e-07   9.87607e-08   -2.18134e-07   7.86795e-08   9.47383e-08   4.81091e-08   -3.06409e-08   1.55922e-09   2.86601e-10   -6.64086e-08   8.20518e-08   3.87186e-08   -9.08233e-08   -8.85223e-08   7.62044e-08   4.64031e-08   7.7648e-08   -1.61993e-07   -9.19495e-08   8.08494e-08   6.19523e-08   -1.30571e-07   -6.61308e-08   -1.68184e-09   -8.16647e-08   -3.79928e-08   9.89383e-09   5.50551e-08   
1.16745e-07   -8.02966e-09   7.46459e-09   -6.71532e-08   5.02546e-08   -1.45705e-07   5.21193e-08   6.3347e-08   2.00992e-08   -3.29816e-08   -1.38768e-07   -2.76347e-08   -1.74538e-08   -1.13599e-07   1.9107e-07   2.16168e-07   -6.17413e-09   -1.31321e-07   -1.0214e-07   -1.49016e-07   -1.89807e-07   7.01191e-08   -6.21298e-08   -6.6909e-08   1.87914e-07   -5.30475e-08   -3.26581e-08   1.18729e-07   8.32146e-08   -4.45603e-08   4.25456e-08   1.64141e-07   
7.52523e-08   -9.1558e-09   -1.11191e-07   9.03284e-08   2.90839e-08   1.51277e-07   -8.44144e-08   -3.06775e-07   -3.2124e-08   -6.42692e-08   3.05487e-07   1.98315e-07   -5.20984e-08   1.00485e-07   -8.52964e-08   -1.38216e-07   2.54125e-08   1.76678e-09   9.9542e-08   3.99424e-08   5.66299e-08   -1.04169e-07   1.62203e-08   1.88992e-07   -2.17316e-09   3.89383e-08   -7.90066e-08   -3.48036e-08   -1.94763e-07   -1.26776e-08   -2.9884e-08   -7.51734e-08   
-6.7136e-08   6.47463e-09   5.78587e-08   -2.15224e-07   -2.50086e-09   -8.12386e-08   -1.16179e-07   4.04356e-08   -5.11352e-08   -1.81538e-08   2.46514e-08   -2.49838e-08   4.32128e-08   -2.48031e-07   3.65811e-08   -5.52399e-08   3.67887e-08   -1.46045e-08   1.75871e-07   5.92835e-09   -1.14162e-07   3.83665e-08   -1.24655e-09   1.47574e-08   4.66339e-08   -3.28698e-08   1.61509e-07   2.75049e-08   1.75404e-07   2.79322e-08   -7.96456e-08   2.00438e-07   
1.23518e-08   -9.30652e-08   5.61764e-08   5.93839e-08   1.28371e-07   8.747e-08   -2.65288e-08   -1.64289e-07   1.36007e-07   -5.13403e-08   6.051e-08   -2.91564e-08   -8.4954e-09   -5.32172e-08   -2.64738e-08   -1.78978e-07   5.11134e-08   3.80942e-08   -3.12073e-08   -1.57487e-07   7.10908e-08   -2.11728e-08   -9.7466e-08   -2.0845e-07   7.67941e-09   1.25237e-07   3.10261e-08   1.24394e-07   1.71249e-08   3.35683e-08   1.10515e-07   -2.7274e-09   
1.21851e-07   1.05506e-07   -1.97635e-08   7.19476e-08   1.8998e-08   -1.2772e-07   -4.83389e-09   1.63543e-07   -3.42354e-08   2.7408e-09   -1.12164e-07   -5.30653e-08   -8.1591e-08   5.31421e-08   1.45087e-08   -1.2161e-07   -1.66832e-07   -2.02702e-08   1.31434e-07   1.41608e-08   -1.33701e-07   1.38743e-07   -5.15739e-09   1.04894e-08   7.40595e-08   -1.35622e-08   -3.89963e-08   2.36307e-08   1.26898e-08   -2.09324e-08   -1.3846e-08   9.81194e-09   
-1.57064e-08   -1.03795e-07   -7.66611e-08   -5.68637e-08   4.55442e-08   -6.70081e-08   2.04305e-08   3.52961e-08   -1.82469e-07   1.95913e-08   6.39201e-09   5.53986e-08   5.6537e-08   1.12261e-07   3.74904e-08   -4.03105e-08   -8.12114e-08   -3.27632e-08   -1.30035e-07   4.42357e-09   -1.3945e-07   -5.92167e-08   6.0071e-08   4.58555e-08   3.80672e-08   -1.10851e-07   -2.35955e-07   4.02157e-08   1.07585e-07   1.68589e-07   2.38174e-07   2.43783e-07   
-4.81316e-08   -2.53709e-08   2.0256e-07   -3.10344e-07   2.4559e-09   1.994e-08   1.33621e-07   -5.25201e-08   1.78062e-07   5.43343e-08   1.78159e-08   2.25005e-08   -1.65091e-07   3.40426e-08   2.11401e-07   -2.9027e-08   -1.70724e-07   2.15338e-07   7.06159e-08   -5.08569e-08   1.74191e-08   5.44442e-08   5.1728e-08   1.32595e-08   -4.44358e-08   7.63184e-09   -8.90325e-08   -8.04202e-08   -3.00034e-07   3.11433e-08   4.6044e-09   2.43499e-08   
-1.49383e-07   8.87007e-08   1.58469e-08   8.76387e-08   -2.78586e-08   1.49927e-07   -8.59628e-08   7.00661e-08   -1.63941e-07   -5.73914e-08   -1.67249e-07   1.62079e-07   9.86406e-08   -7.70026e-08   2.82405e-08   1.99089e-08   -1.83909e-07   -5.2658e-08   -4.32644e-08   -1.66143e-10   -5.52978e-08   -1.281e-07   7.45127e-08   -4.19124e-08   4.07042e-08   -1.47088e-07   1.37811e-07   5.0931e-08   1.60349e-07   -5.33599e-08   1.0287e-07   1.34601e-07   
1.06515e-07   1.71065e-07   -1.93465e-08   -1.8259e-07   -2.40158e-08   -3.65132e-08   -1.00459e-07   -8.3707e-08   5.83719e-08   -1.71217e-08   5.94736e-08   -2.97289e-08   9.89937e-09   8.54937e-08   1.16678e-07   -6.44224e-08   -1.31665e-08   1.27573e-07   2.74017e-08   -3.15204e-08   -5.45801e-08   -3.46455e-08   1.47919e-07   2.52197e-08   -1.58096e-07   1.55109e-07   -1.65561e-07   -1.37951e-07   3.25533e-08   -4.69261e-08   -5.67378e-08   1.35227e-07   
-1.14602e-07   8.52511e-08   -1.36991e-08   -1.77745e-07   -6.06976e-08   -3.85992e-09   -3.60569e-08   -1.73586e-07   7.97486e-08   3.26311e-08   6.24781e-09   -1.65703e-07   -3.70305e-08   1.5097e-07   1.69464e-07   2.15833e-09   2.45247e-07   1.07411e-07   -9.01693e-08   -1.37632e-08   8.27913e-08   5.81903e-08   8.36244e-08   -5.72154e-08   -6.81288e-08   5.95667e-08   -5.29337e-08   2.80594e-08   -5.12582e-08   -3.21994e-08   -4.35798e-08   -1.687e-09   
-1.65033e-07   7.38932e-08   -5.15073e-08   -3.0944e-08   -4.16773e-08   1.51544e-07   -1.03532e-07   -4.66396e-08   -5.03069e-09   6.54498e-09   -1.41527e-08   4.31458e-08   1.15846e-09   -4.83843e-09   7.29136e-08   -1.05357e-07   -6.68581e-08   -1.26366e-07   1.13885e-07   6.41456e-08   -5.28349e-08   9.82134e-08   -3.49816e-08   -9.21366e-08   9.94891e-08   2.5146e-08   -2.17421e-07   -1.79339e-08   1.46356e-07   1.1068e-07   1.22814e-07   4.30054e-08   
2.91015e-08   9.33463e-09   -1.33822e-07   -8.8526e-08   -1.3048e-07   1.77144e-07   8.36533e-08   -4.91327e-08   5.31134e-08   -1.22817e-07   -7.7579e-08   2.00637e-07   3.61238e-08   6.57206e-08   -1.61264e-07   1.17007e-07   -2.51879e-08   -1.01008e-07   -1.11219e-08   -4.37615e-08   1.25439e-07   -6.67419e-08   1.2905e-07   -1.25408e-07   4.42264e-08   2.47587e-08   1.15521e-07   -7.1692e-08   -1.25502e-08   -7.02454e-08   4.54017e-09   7.36371e-08   
-9.72161e-09   2.2274e-08   5.63967e-08   -6.89794e-08   9.70291e-08   1.77969e-08   6.92115e-08   -6.03762e-08   -7.00475e-08   -4.64506e-08   3.63186e-08   -8.33933e-08   -5.46784e-08   1.85826e-07   1.39913e-08   1.18215e-07   9.93698e-08   -1.29177e-07   5.84751e-08   6.88251e-10   -5.1654e-08   6.48351e-08   2.60217e-08   2.02872e-08   -2.51489e-07   -7.59193e-08   -2.71294e-08   -6.67485e-08   5.6119e-08   1.04836e-07   -4.47202e-08   -4.15504e-09   
7.36048e-08   -7.9315e-09   -4.91406e-08   -6.00815e-08   -3.83279e-08   -6.89227e-08   7.55702e-08   -6.49218e-08   6.20627e-08   -7.85452e-08   -1.09293e-07   1.59755e-07   3.10254e-08   1.94741e-08   5.2547e-08   -2.98255e-08   2.48057e-08   8.13748e-08   -8.26805e-08   1.22611e-07   -3.59859e-10   -3.66067e-08   -5.87143e-08   -2.67156e-08   1.18109e-08   1.21803e-07   8.07126e-08   -1.21534e-07   1.75362e-08   1.12836e-07   -1.08191e-07   -1.05594e-07   
-2.5389e-07   3.22789e-08   -1.22171e-08   -1.20884e-07   -1.14701e-07   -1.02167e-07   1.20728e-07   7.04728e-08   -1.23939e-07   -2.09668e-08   -6.66377e-08   5.57214e-09   7.46569e-08   -1.67889e-07   -1.18043e-07   2.40696e-07   3.73175e-08   1.13333e-07   2.2748e-08   3.20714e-08   -7.97027e-08   7.89447e-08   2.12005e-07   3.59686e-08   -2.01366e-08   -1.48142e-08   1.05935e-07   8.61789e-09   -2.77571e-08   8.832e-08   -3.91741e-08   6.28933e-09   
-1.15763e-08   -2.01481e-07   -7.40904e-08   3.86694e-08   -8.26508e-08   5.50396e-08   5.72888e-08   4.21607e-08   -5.9765e-08   -1.05433e-07   -1.39266e-07   -9.3198e-08   1.1333e-07   -2.66219e-08   -7.47152e-09   -1.11158e-07   9.28794e-08   1.47718e-07   1.08905e-07   -2.55483e-07   1.35135e-07   2.73814e-07   -3.39005e-08   -6.99002e-08   -3.65365e-09   7.92202e-09   2.20404e-07   1.82137e-09   3.27732e-08   -9.36863e-08   -7.19907e-08   1.15936e-07   
-7.57847e-09   -7.52658e-09   -4.51406e-08   1.74208e-07   -1.42373e-07   1.24774e-07   1.07769e-07   -1.48778e-07   1.12301e-07   6.06029e-08   7.8267e-08   5.99224e-08   1.26919e-08   -4.37917e-08   -7.73957e-08   -4.34957e-08   1.50449e-08   -3.21581e-08   -2.96712e-09   9.72496e-08   -1.24394e-07   -4.82505e-08   5.78013e-08   -1.61611e-07   -4.93553e-08   -3.58111e-08   6.11675e-08   3.61851e-08   -1.03614e-07   -1.38604e-07   6.33679e-08   1.46891e-07   
-9.11501e-08   1.57044e-08   -1.44899e-07   7.32531e-08   2.28858e-07   -6.92814e-09   4.96227e-08   -1.05317e-07   1.36954e-07   1.97619e-07   -1.89646e-07   1.2139e-07   8.93944e-08   8.55612e-08   -6.43069e-09   9.6373e-09   4.24356e-08   1.31622e-08   -4.44934e-08   1.56586e-08   5.23266e-08   -6.33233e-08   -4.75788e-08   9.573e-08   -2.46838e-08   -8.76435e-08   -5.94536e-08   -1.93918e-07   6.76499e-08   -3.5589e-09   -2.38415e-08   -1.97031e-07   
4.18692e-09   3.274e-08   -3.26092e-08   -2.69103e-07   -1.41475e-07   -1.01987e-07   -9.03716e-08   -3.3891e-08   -1.47283e-07   1.67217e-07   1.98429e-08   3.33626e-08   2.43028e-07   -3.42135e-09   1.54292e-07   -1.10968e-08   -1.43195e-08   4.23625e-08   1.69219e-07   8.89917e-08   -6.30637e-08   6.0814e-08   2.08714e-08   -1.01293e-08   -1.4695e-07   -9.18182e-08   -3.44922e-08   4.77979e-08   9.02796e-08   4.07237e-08   -1.4062e-07   1.19016e-07   
7.92802e-08   -1.03986e-07   -7.61444e-08   8.71174e-08   -7.74079e-08   -1.20378e-07   1.20019e-07   -8.19124e-08   -1.39348e-07   1.47037e-07   8.9037e-08   -1.89014e-07   -5.02983e-08   5.44931e-08   1.87182e-07   2.20733e-08   -5.40154e-08   -1.41753e-07   1.7068e-07   1.07583e-07   5.76726e-09   1.45718e-08   -3.04218e-07   -7.62451e-08   -1.47168e-08   -2.03291e-08   1.18768e-07   1.26868e-07   -5.92219e-08   1.09848e-07   9.58579e-08   -2.6854e-08   
1.14511e-07   -2.70727e-09   1.0574e-07   9.07221e-08   1.15622e-07   5.63216e-08   1.19299e-09   1.51118e-07   -2.80529e-07   -6.78551e-08   -1.72491e-07   5.64437e-08   8.23387e-08   -1.89584e-08   -2.59047e-07   -3.70436e-08   6.04264e-08   -4.07608e-08   -2.22508e-09   -7.30952e-08   1.00189e-08   2.29985e-08   -1.45793e-07   4.53782e-09   1.87371e-07   -7.1438e-08   -3.34821e-08   1.5211e-07   -1.51302e-07   1.322e-07   -9.04292e-09   2.58581e-08   
-8.37758e-09   1.95663e-07   7.76205e-08   -1.60067e-07   -1.02454e-07   -2.20926e-08   -7.90554e-08   7.91159e-08   -1.82657e-07   1.30891e-08   1.56291e-07   -5.06335e-08   -1.92719e-07   -4.25278e-08   -1.60128e-07   2.06952e-07   1.23606e-07   -3.27008e-08   -7.2027e-08   2.08081e-07   2.25377e-08   9.88126e-08   7.68301e-08   -1.90976e-07   1.60368e-07   8.27027e-09   4.26799e-08   -1.33961e-07   9.33101e-08   -4.80852e-08   -1.18214e-07   3.53921e-08   
8.49624e-08   -8.49067e-08   -1.08766e-07   9.23784e-08   2.10018e-07   -5.18338e-08   -7.66728e-08   6.45058e-08   1.32073e-08   2.3434e-08   -2.38329e-07   6.96625e-09   5.07847e-08   -2.85156e-09   -3.74534e-08   -2.40009e-08   -2.1004e-08   -7.44419e-08   8.21791e-08   2.78562e-08   5.41021e-08   -3.5076e-08   7.6817e-08   -8.12078e-08   -6.76576e-08   7.14854e-08   2.72112e-09   5.04358e-09   -1.30031e-07   2.01503e-07   -8.38721e-08   4.28713e-08   
-3.79314e-08   5.13108e-08   9.85718e-08   -1.55827e-08   -9.80864e-08   5.66393e-08   -1.33363e-07   -3.74919e-08   8.7286e-08   -3.45465e-09   5.83606e-08   5.32915e-08   -1.25593e-07   1.2729e-07   1.29972e-07   1.30467e-08   -1.80438e-07   1.05106e-07   3.77362e-08   1.98004e-07   -2.1012e-08   -1.13745e-07   3.78796e-08   -3.55906e-08   8.93281e-09   -7.30063e-08   -1.13327e-07   -1.31465e-07   -3.43607e-08   -1.1644e-07   4.03699e-08   1.66619e-07   
-4.99797e-08   -1.55736e-07   3.0638e-08   1.62485e-08   -7.92745e-08   7.62143e-08   -7.26794e-08   -6.88005e-08   -4.25424e-08   8.82447e-08   -1.81847e-07   -1.45643e-07   1.16471e-07   1.3661e-07   -1.40592e-07   -5.80091e-08   -4.5994e-08   -2.24368e-08   1.07303e-07   2.5035e-07   2.26326e-07   6.73639e-08   -8.19082e-08   -1.64354e-07   8.96608e-08   -3.7751e-08   -5.19573e-08   1.54183e-07   2.8425e-10   -8.15237e-08   5.33987e-08   6.21666e-08   
1.67729e-08   -1.34132e-07   -1.08618e-07   -1.48021e-07   1.88787e-08   7.57499e-08   1.18793e-07   -4.33089e-08   1.06448e-08   2.14347e-07   1.39835e-08   -3.17607e-08   4.8323e-08   -6.20869e-08   -1.66802e-07   1.429e-07   1.88168e-07   -9.72961e-08   -6.72842e-08   3.68877e-08   8.64131e-08   6.49708e-08   -3.12357e-08   -9.3521e-08   9.93194e-08   -2.1905e-07   -2.40186e-09   1.07929e-07   8.31446e-08   6.91849e-09   -1.2454e-07   -2.53309e-09   
4.01091e-08   9.51065e-08   -6.08828e-08   -9.26068e-08   -5.23101e-08   1.20281e-07   -2.11635e-09   -3.42279e-08   2.21706e-07   -2.40805e-08   5.11873e-08   8.27556e-08   1.1838e-07   -1.81706e-07   5.5289e-08   -8.53983e-08   -2.06035e-07   3.66386e-09   -3.35657e-08   -1.82462e-07   4.732e-09   -1.11748e-07   4.08781e-08   2.47852e-07   6.90492e-09   -7.16711e-08   3.48599e-08   -3.82472e-08   1.56766e-07   -1.98659e-08   -1.95369e-07   1.15511e-07   
4.68384e-08   1.63486e-07   3.82017e-08   7.78391e-09   -7.84095e-08   -5.8603e-08   -1.58447e-07   8.85511e-09   1.4263e-07   5.46878e-08   -3.06603e-08   2.34216e-08   -3.37731e-08   1.59589e-07   7.78117e-08   -9.22863e-08   -5.13762e-08   -8.76536e-08   -2.76801e-07   1.18011e-07   4.60877e-08   6.92207e-08   6.17773e-08   1.05336e-08   1.48245e-08   -1.35394e-08   -5.02348e-08   -1.58453e-07   -8.88804e-08   1.20318e-07   -5.65674e-08   6.72981e-08   
-1.49259e-07   -7.43759e-10   1.09474e-07   4.47563e-08   -1.19018e-07   1.06556e-07   -7.76779e-08   4.16953e-08   -9.46595e-09   7.21547e-09   1.42632e-07   -3.98654e-08   -6.43565e-08   -2.42505e-07   1.2661e-07   5.6335e-08   -1.2745e-07   -8.63421e-08   -6.94836e-08   -2.13491e-07   -1.42472e-07   3.19355e-08   3.10624e-07   6.94995e-09   4.68163e-08   -3.14118e-08   2.31492e-08   7.3874e-08   -3.34088e-09   7.98617e-08   2.43638e-08   1.43563e-07   
-1.46224e-07   3.48849e-08   4.401e-08   -3.91325e-09   1.18576e-07   -4.86107e-08   4.69886e-08   7.0317e-08   -1.01203e-07   1.22403e-07   -5.646e-08   7.71683e-08   -4.9279e-08   1.04162e-07   -1.00993e-08   7.29049e-08   3.05971e-08   -1.47076e-07   4.23315e-08   -8.624e-08   -1.05351e-07   -1.75061e-07   1.5709e-07   5.60068e-08   9.91539e-08   -2.35366e-08   -9.608e-09   5.58695e-08   3.41032e-10   -3.62537e-08   -1.01484e-07   -3.03728e-08   
6.82116e-09   7.40107e-08   -1.23661e-07   5.34102e-09   -3.49922e-08   -1.28162e-07   -4.51519e-08   1.55535e-07   2.78942e-08   1.38451e-07   -3.38203e-08   2.60961e-09   5.17322e-08   1.30055e-07   -3.34114e-08   1.02826e-07   1.92777e-07   -1.97073e-07   1.23175e-08   -1.87591e-07   -9.27485e-08   1.33216e-08   -1.40385e-07   -1.23506e-08   -4.85608e-08   1.7466e-08   6.47514e-08   -2.15225e-07   -1.84268e-08   7.16333e-08   8.39628e-08   1.60048e-07   
-5.29032e-08   -6.48878e-08   3.43706e-08   1.37938e-07   5.13755e-08   -7.2353e-09   -7.34517e-09   -1.05877e-07   5.27305e-08   -6.34473e-08   2.61458e-08   1.45763e-08   7.42579e-09   2.274e-08   -1.08908e-07   -4.44404e-08   -1.28308e-07   -9.24338e-08   4.3752e-08   -2.6697e-08   1.80428e-09   4.72982e-08   4.03705e-08   1.24077e-07   -4.60152e-08   9.81817e-08   -6.28156e-08   6.41139e-08   -1.15497e-07   -8.3559e-08   1.90476e-07   4.96726e-08   
3.24708e-08   -7.89298e-09   -1.38563e-08   3.42134e-08   6.84369e-08   3.34413e-08   -2.13633e-07   -3.15346e-09   -5.30085e-08   -6.85638e-08   -1.42684e-07   4.42601e-08   2.43834e-08   1.42334e-07   5.52284e-08   -6.73034e-08   2.56876e-07   2.23814e-08   -1.6365e-07   -8.15921e-08   1.00701e-07   2.7835e-08   5.69405e-08   -4.23453e-08   -8.78881e-08   1.14935e-07   7.32466e-08   -1.93326e-07   -5.26362e-08   3.99417e-08   4.15195e-08   2.17313e-08   
-1.56764e-08   -1.7657e-07   -4.6989e-09   -1.289e-07   3.45571e-08   8.1818e-08   -7.84011e-08   -1.24899e-07   -2.39988e-08   -2.95074e-08   -8.27317e-08   -1.24872e-08   1.64932e-07   4.56994e-08   -1.61488e-07   6.45842e-08   -1.42423e-07   6.36992e-08   1.41634e-07   -3.74361e-08   1.02033e-08   8.07255e-08   8.28343e-08   -6.22965e-08   -1.20956e-07   1.53039e-07   -8.16208e-08   1.46261e-07   2.03598e-08   3.68856e-08   4.52684e-09   1.44473e-07   
1.26897e-07   -4.2343e-08   7.2837e-08   -7.97953e-08   6.00009e-08   6.49846e-08   2.04062e-08   2.40135e-08   -1.39119e-08   -7.0655e-08   -1.09333e-08   1.30054e-08   1.61405e-07   7.01464e-09   3.50947e-08   -1.56598e-07   4.21872e-08   -4.57885e-08   1.14733e-07   -2.85272e-08   -1.52791e-08   -7.27882e-08   8.42112e-08   5.34669e-08   4.5233e-08   -1.17751e-07   -1.00197e-07   1.45624e-07   -2.20043e-07   -2.44133e-08   -8.22459e-08   4.20084e-09   
2.90898e-08   2.21515e-07   -6.85359e-08   8.27924e-09   1.13776e-07   -7.77463e-08   2.2056e-07   1.07968e-07   9.63251e-08   9.93335e-09   -1.43716e-08   7.27038e-08   -6.70221e-08   4.07937e-08   -1.17066e-07   -4.12584e-08   8.0013e-08   -2.8932e-08   -1.3127e-07   -7.76792e-08   -6.35438e-09   -1.4298e-07   -7.20663e-10   1.97115e-08   3.01519e-08   5.49146e-08   -6.92012e-08   -9.2853e-08   4.57682e-08   2.09719e-08   -1.80432e-07   -5.91056e-08   
1.21191e-07   6.2876e-08   1.47879e-08   -1.47198e-07   6.53235e-08   -1.46804e-07   -7.01817e-08   1.21078e-07   6.53235e-08   -8.65427e-08   2.886e-08   -1.26055e-08   -2.25484e-08   -8.98274e-11   6.81404e-08   2.08034e-07   -4.20497e-08   -1.31219e-07   1.03923e-07   -6.0782e-08   1.63074e-07   -1.23656e-07   -1.07564e-07   -6.27871e-08   -5.09459e-08   1.78846e-07   -1.00389e-08   -4.17232e-08   7.21749e-08   -6.74777e-08   -4.72775e-08   -4.136e-08   
6.31851e-08   -7.46365e-08   -1.21846e-07   -5.09907e-08   7.78614e-08   1.17148e-07   2.31812e-07   -7.11501e-10   -1.90473e-07   -3.50204e-08   8.05806e-08   -2.16252e-07   1.14471e-07   -7.48623e-08   -1.19276e-07   -2.41341e-07   4.88994e-08   5.38708e-08   8.85124e-08   1.80275e-07   -3.09096e-08   2.07409e-07   -1.39833e-07   4.8093e-09   3.12841e-08   -1.57992e-07   5.19604e-08   -1.14479e-08   -8.27094e-09   -1.86057e-07   1.20136e-07   1.87734e-07   
-2.96644e-08   -1.98802e-08   -7.32784e-08   1.41602e-08   -1.41094e-07   -1.00013e-08   1.48915e-07   -1.10337e-07   1.78765e-07   -1.04795e-07   -1.69519e-07   8.86284e-08   8.61228e-08   5.19787e-08   2.76951e-08   -3.27193e-08   -6.27526e-08   -8.34228e-08   -3.20793e-09   -1.1811e-07   -1.16188e-08   4.52555e-08   9.40301e-08   -1.12923e-08   -1.0423e-07   9.4259e-08   1.75655e-07   -5.60446e-08   1.5683e-08   1.19837e-07   -1.02091e-07   1.03921e-07   
2.84811e-09   -7.82365e-08   1.76465e-08   9.60577e-08   7.50671e-08   -1.47519e-08   6.96623e-08   8.38717e-08   -1.04064e-07   -1.35647e-08   -1.51563e-07   -1.12503e-07   1.21699e-07   8.1592e-08   1.10246e-07   -3.67771e-08   8.60695e-09   2.69425e-08   1.13109e-08   -3.27182e-08   -8.70899e-08   7.87659e-08   -1.92089e-07   5.59228e-08   -1.09149e-07   9.32867e-08   -4.37262e-08   -1.46146e-08   -1.30241e-09   2.67624e-08   1.26598e-08   1.19487e-08   
6.10233e-08   -3.93068e-08   -2.34417e-08   -2.04787e-07   6.38187e-08   -3.46159e-08   -1.32219e-07   -3.27311e-08   2.21158e-07   6.21436e-09   1.28366e-07   -6.34504e-09   1.10359e-07   -4.81209e-08   -1.04117e-07   -1.73849e-07   -5.63563e-08   -7.09329e-08   2.47284e-07   -1.24829e-07   -4.85465e-08   -9.9693e-08   8.156e-08   9.88907e-08   -4.72379e-08   1.40773e-07   -1.49671e-08   -1.56847e-07   1.99607e-07   5.27369e-09   2.84964e-08   2.36061e-08   
1.35999e-07   -9.41517e-09   1.50619e-07   -7.52623e-08   1.8812e-08   1.41136e-07   6.0901e-09   -9.83938e-08   3.04783e-08   -6.52151e-08   1.17331e-07   -3.84606e-08   -7.61407e-08   -1.24388e-07   1.68833e-07   -1.56443e-07   -2.97102e-08   6.25448e-09   -3.64794e-09   1.1209e-07   2.68388e-08   7.05781e-09   1.36169e-07   1.46458e-07   9.08357e-08   -2.93021e-07   -1.3996e-07   1.4728e-07   -1.82063e-07   -1.43173e-07   8.0118e-08   -8.53165e-08   
1.92518e-07   -1.14358e-07   9.55991e-08   2.04235e-07   -1.94816e-07   -9.61317e-10   -2.31158e-07   4.20896e-08   3.15304e-08   -2.79633e-07   -2.68156e-08   3.35067e-08   1.71997e-07   9.2828e-09   -9.02309e-08   -1.02483e-07   4.77387e-08   7.63822e-08   2.06743e-07   1.40333e-07   -1.99391e-07   -6.99335e-08   1.44765e-07   -9.65785e-08   8.03479e-09   -2.16273e-07   -7.01388e-08   -1.12518e-07   6.03001e-08   1.81845e-07   1.39061e-07   1.12802e-08   
-7.00103e-08   5.81072e-08   2.59168e-07   4.86755e-08   -2.63383e-07   -1.22391e-07   -2.54153e-07   2.53416e-07   2.95088e-07   -2.22828e-07   -2.26615e-07   1.75372e-07   4.14282e-08   8.96358e-08   -6.68877e-08   -1.9273e-07   2.60566e-08   -4.8341e-08   2.74869e-07   2.73936e-07   -2.61035e-07   -2.91433e-07   2.42583e-07   -6.01099e-08   3.26655e-07   -1.14909e-07   1.19138e-07   3.29711e-08   -1.3383e-07   1.72538e-08   -1.32953e-07   -6.70475e-08   
-2.80556e-09   -2.08564e-08   2.07992e-07   3.01833e-07   -8.49102e-08   -2.86719e-07   -3.15387e-07   3.68096e-07   4.19647e-07   -2.43672e-07   -2.07848e-07   1.59771e-07   1.85412e-07   -1.70387e-07   8.91409e-08   -1.62256e-07   6.0879e-08   -1.40477e-07   3.72568e-07   3.12044e-07   -4.47552e-07   -1.63981e-07   1.79201e-07   -2.50342e-07   2.52846e-07   -1.81648e-07   2.05791e-07   -8.42572e-08   -3.02298e-07   3.24952e-08   1.18227e-07   -1.98857e-07   
2.96804e-07   -2.10263e-07   2.44818e-07   4.59526e-07   -3.39623e-07   -5.23746e-07   -2.67539e-07   4.34858e-07   4.86045e-07   -2.93243e-07   -2.32443e-07   3.39528e-07   3.32383e-09   4.23885e-09   -1.4392e-07   -3.022e-07   -2.82029e-07   -2.46519e-07   5.641e-07   4.62272e-07   -3.74457e-07   -5.04236e-07   4.60654e-07   -2.01425e-07   5.31315e-07   -2.55093e-07   1.88083e-07   4.02826e-09   -8.07518e-08   1.52527e-08   2.31134e-07   -4.62446e-07   
4.14598e-08   -2.37017e-07   3.77026e-07   3.44487e-07   -8.74067e-09   -4.42158e-07   -2.69904e-07   4.18414e-07   8.63522e-07   -6.12505e-07   -5.7988e-07   3.72418e-07   3.71779e-07   -1.12161e-07   -3.1624e-07   -2.09859e-07   -7.06278e-08   -2.24542e-07   7.7477e-07   6.15434e-07   -7.02225e-07   -4.51432e-07   5.42898e-07   -3.75621e-07   6.51293e-07   -6.07452e-07   4.03259e-07   -1.72942e-07   -2.71606e-07   8.89948e-09   2.72365e-07   -3.86066e-07   
-1.03984e-07   -1.47417e-07   4.7136e-07   5.67312e-07   -1.0741e-07   -6.56093e-07   -5.08691e-07   6.8542e-07   1.00187e-06   -7.33806e-07   -5.42459e-07   5.32168e-07   1.6175e-07   -2.22394e-07   -2.76731e-07   -4.52784e-07   2.35479e-07   -9.57806e-08   9.45524e-07   9.06569e-07   -7.69106e-07   -6.94099e-07   8.11636e-07   -5.77324e-07   8.38754e-07   -3.46058e-07   2.32071e-07   -5.13935e-07   -2.26692e-07   -1.64178e-07   2.66223e-07   -5.11939e-07   
2.42855e-08   -2.54179e-07   7.13151e-07   6.91949e-07   -3.12826e-07   -6.07069e-07   -7.12678e-07   6.94965e-07   1.22819e-06   -8.77876e-07   -5.1603e-07   5.23958e-07   3.60456e-07   -7.84244e-08   -5.38776e-07   -6.28195e-07   3.19034e-08   -2.91576e-07   1.19232e-06   9.80374e-07   -1.11924e-06   -7.9185e-07   7.66468e-07   -4.6252e-07   1.05319e-06   -7.10347e-07   2.08271e-07   -3.30186e-07   -2.25598e-07   -7.43963e-08   5.29e-07   -4.55703e-07   
1.59969e-07   -3.59223e-07   6.89742e-07   8.2537e-07   -3.68306e-07   -8.61809e-07   -6.44852e-07   8.1326e-07   1.66786e-06   -1.02661e-06   -6.6659e-07   6.24088e-07   5.17179e-07   -1.29202e-07   -4.21754e-07   -6.98322e-07   4.0398e-08   -1.76168e-07   1.48944e-06   1.18095e-06   -1.10686e-06   -1.07334e-06   1.02939e-06   -7.24158e-07   1.1085e-06   -9.44626e-07   2.51879e-07   -4.05765e-07   -5.29713e-07   -3.29422e-08   4.27376e-07   -6.41785e-07   
2.48334e-07   -5.05683e-07   1.04471e-06   9.78019e-07   -4.16635e-07   -9.393e-07   -9.23166e-07   1.09908e-06   1.73609e-06   -1.22516e-06   -8.2602e-07   7.90399e-07   4.59998e-07   -2.9769e-07   -7.21884e-07   -4.54957e-07   1.5052e-07   -4.98841e-07   1.62369e-06   1.51215e-06   -1.32945e-06   -1.06318e-06   1.02387e-06   -8.06588e-07   1.66469e-06   -1.10016e-06   1.73433e-07   -5.87061e-07   -6.65456e-07   1.31245e-07   4.07667e-07   -6.67876e-07   
3.33157e-07   -6.84811e-07   1.07723e-06   1.06947e-06   -4.88148e-07   -1.1926e-06   -9.96099e-07   1.23438e-06   2.07499e-06   -1.23867e-06   -8.42676e-07   9.1797e-07   3.57735e-07   -3.1271e-07   -6.37726e-07   -7.38801e-07   2.06559e-07   -3.00582e-07   1.79388e-06   1.54326e-06   -1.41589e-06   -1.5639e-06   1.19943e-06   -1.07501e-06   1.66473e-06   -9.91954e-07   4.23386e-07   -5.27154e-07   -6.62455e-07   -2.60372e-07   7.70188e-07   -7.2431e-07   
2.72715e-07   -4.13611e-07   1.27061e-06   1.26319e-06   -4.59621e-07   -1.26154e-06   -1.18915e-06   1.48412e-06   2.21942e-06   -1.68009e-06   -1.2029e-06   7.23856e-07   6.10925e-07   -2.11653e-07   -7.66745e-07   -9.29595e-07   1.23548e-07   -1.92023e-07   2.13924e-06   1.7438e-06   -1.68542e-06   -1.40849e-06   1.48496e-06   -1.15559e-06   1.70069e-06   -1.22657e-06   4.70644e-07   -8.01011e-07   -5.62443e-07   -3.86021e-08   6.72732e-07   -9.84276e-07   
3.83462e-07   -6.85082e-07   1.4484e-06   1.42889e-06   -6.85747e-07   -1.49789e-06   -1.22371e-06   1.48358e-06   2.39071e-06   -1.61017e-06   -1.22479e-06   1.1595e-06   7.70437e-07   -1.1562e-07   -8.74115e-07   -7.08859e-07   1.30934e-07   -4.03389e-07   2.19556e-06   1.84585e-06   -1.97895e-06   -1.58573e-06   1.56997e-06   -1.34814e-06   2.00723e-06   -1.50208e-06   6.08667e-07   -7.93109e-07   -8.0067e-07   -2.61769e-07   8.61812e-07   -9.66402e-07   
4.54709e-07   -7.47064e-07   1.50166e-06   1.37606e-06   -8.59294e-07   -1.5193e-06   -1.3648e-06   1.89687e-06   2.86136e-06   -1.86662e-06   -1.48111e-06   1.19415e-06   7.27243e-07   -3.33428e-07   -9.9051e-07   -1.05132e-06   8.72598e-08   -4.63556e-07   2.52246e-06   2.37754e-06   -2.11938e-06   -1.79398e-06   1.8568e-06   -1.56757e-06   2.12636e-06   -1.63721e-06   5.32722e-07   -8.13973e-07   -6.16123e-07   -1.19597e-07   9.74796e-07   -1.12633e-06   
4.5326e-07   -8.91502e-07   1.70605e-06   1.57728e-06   -7.81553e-07   -1.57347e-06   -1.37891e-06   1.66529e-06   3.20958e-06   -2.20307e-06   -1.53198e-06   1.1883e-06   6.92042e-07   -4.75692e-07   -1.21992e-06   -1.12652e-06   1.84822e-07   -5.89211e-07   2.92045e-06   2.6864e-06   -2.08188e-06   -1.90544e-06   1.90269e-06   -1.59554e-06   2.16209e-06   -1.61036e-06   6.0702e-07   -9.26732e-07   -8.71931e-07   -4.73857e-08   9.32055e-07   -1.05824e-06   
6.31939e-07   -1.03965e-06   1.74277e-06   1.69548e-06   -7.28833e-07   -1.7984e-06   -1.6881e-06   2.05957e-06   3.27787e-06   -2.32443e-06   -1.55401e-06   1.27088e-06   8.78692e-07   -2.65149e-07   -1.34378e-06   -1.39666e-06   2.58137e-07   -4.70075e-07   3.0519e-06   2.76658e-06   -2.46053e-06   -2.12634e-06   1.96579e-06   -1.72824e-06   2.63889e-06   -1.89499e-06   9.35656e-07   -1.06997e-06   -1.07187e-06   -2.36312e-07   1.13295e-06   -1.09272e-06   
5.86118e-07   -9.79177e-07   1.86774e-06   1.95926e-06   -9.70824e-07   -2.13447e-06   -1.77579e-06   2.18018e-06   3.47957e-06   -2.37396e-06   -1.42117e-06   1.36462e-06   1.03588e-06   -2.98789e-07   -1.17667e-06   -1.26614e-06   2.40551e-07   -6.06059e-07   3.2102e-06   2.63426e-06   -2.48657e-06   -2.30911e-06   2.09927e-06   -1.97598e-06   2.70824e-06   -2.04658e-06   7.81717e-07   -1.13227e-06   -9.28719e-07   -9.54803e-08   1.19993e-06   -1.34633e-06   
4.99793e-07   -1.11199e-06   1.97004e-06   2.02768e-06   -8.99616e-07   -2.14728e-06   -1.70331e-06   2.24711e-06   3.79483e-06   -2.6311e-06   -1.89623e-06   1.50077e-06   8.68067e-07   -4.20579e-07   -1.23303e-06   -1.5419e-06   3.10258e-07   -6.55013e-07   3.3782e-06   3.09233e-06   -2.85746e-06   -2.3751e-06   2.43478e-06   -1.97345e-06   3.04473e-06   -2.00055e-06   7.7585e-07   -1.13755e-06   -9.43331e-07   -3.24806e-07   1.21202e-06   -1.28183e-06   
4.25167e-07   -9.68277e-07   2.16405e-06   1.9886e-06   -1.02506e-06   -2.01666e-06   -2.19276e-06   2.32326e-06   4.10025e-06   -2.67547e-06   -1.98865e-06   1.66754e-06   9.90146e-07   -3.60571e-07   -1.55988e-06   -1.45992e-06   3.69913e-07   -6.46832e-07   3.72035e-06   3.32875e-06   -3.03222e-06   -2.60372e-06   2.49962e-06   -1.95635e-06   3.17556e-06   -2.33624e-06   8.58297e-07   -1.19661e-06   -1.24991e-06   -1.53961e-07   1.27199e-06   -1.43491e-06   
5.71971e-07   -1.21102e-06   2.39125e-06   2.16676e-06   -1.06047e-06   -2.41625e-06   -2.20015e-06   2.74743e-06   4.30818e-06   -2.74139e-06   -2.20283e-06   1.56806e-06   1.0917e-06   -6.64399e-07   -1.46001e-06   -1.80232e-06   4.35912e-07   -6.87919e-07   3.98446e-06   3.42465e-06   -3.11713e-06   -2.71184e-06   3.0435e-06   -2.42834e-06   3.31994e-06   -2.23141e-06   9.30769e-07   -1.24911e-06   -1.35177e-06   -3.71992e-07   1.4831e-06   -1.53101e-06   
6.29816e-07   -1.30732e-06   2.45505e-06   2.06483e-06   -1.17525e-06   -2.4597e-06   -2.05562e-06   2.60047e-06   4.53906e-06   -3.13928e-06   -2.15314e-06   1.5116e-06   1.23446e-06   -2.89605e-07   -1.58223e-06   -1.68108e-06   4.60812e-07   -7.32546e-07   4.13659e-06   3.69541e-06   -3.21839e-06   -2.90022e-06   2.89834e-06   -2.39484e-06   3.46136e-06   -2.58368e-06   8.41229e-07   -1.07245e-06   -1.22393e-06   -3.23592e-07   1.55896e-06   -1.76925e-06   
7.28367e-07   -1.36198e-06   2.69355e-06   2.34244e-06   -1.20972e-06   -2.60941e-06   -2.26571e-06   3.10921e-06   4.83161e-06   -3.13909e-06   -2.44133e-06   1.8424e-06   1.28735e-06   -5.64279e-07   -1.67357e-06   -1.7842e-06   3.93446e-07   -9.16481e-07   4.43375e-06   3.96957e-06   -3.65689e-06   -3.06202e-06   3.07615e-06   -2.55924e-06   3.65786e-06   -2.69392e-06   1.00668e-06   -1.55286e-06   -1.47798e-06   -2.67711e-07   1.57127e-06   -1.66851e-06   
6.94263e-07   -1.25438e-06   2.64882e-06   2.39169e-06   -1.19318e-06   -2.78824e-06   -2.51893e-06   2.94706e-06   5.14971e-06   -3.55732e-06   -2.53706e-06   1.76535e-06   1.3585e-06   -7.4883e-07   -1.73491e-06   -1.92507e-06   4.35892e-07   -7.93688e-07   4.59323e-06   4.3645e-06   -3.58627e-06   -3.19473e-06   3.26317e-06   -2.62209e-06   3.7488e-06   -2.6533e-06   1.23245e-06   -1.45966e-06   -1.63011e-06   -2.39396e-07   1.69418e-06   -1.81678e-06   
5.9498e-07   -1.38831e-06   2.9234e-06   2.59991e-06   -1.27508e-06   -2.80447e-06   -2.7044e-06   3.12177e-06   5.27627e-06   -3.45673e-06   -2.47154e-06   1.85865e-06   1.31407e-06   -6.10876e-07   -1.78963e-06   -2.00469e-06   4.87296e-07   -1.08642e-06   4.64902e-06   4.24903e-06   -3.72414e-06   -3.42489e-06   3.40146e-06   -2.6936e-06   3.94889e-06   -2.84304e-06   1.11865e-06   -1.43273e-06   -1.58228e-06   -2.24674e-07   1.73565e-06   -1.73347e-06   
1.00912e-06   -1.71551e-06   2.86292e-06   2.73856e-06   -1.52975e-06   -2.95025e-06   -2.60412e-06   3.28917e-06   5.53349e-06   -3.82001e-06   -2.70482e-06   2.11277e-06   1.42351e-06   -3.73804e-07   -1.92584e-06   -1.8479e-06   4.14119e-07   -1.00852e-06   4.83453e-06   4.53237e-06   -3.85679e-06   -3.50677e-06   3.39645e-06   -2.77955e-06   4.06826e-06   -3.1079e-06   1.19289e-06   -1.54348e-06   -1.57697e-06   -4.09051e-07   1.8952e-06   -2.00552e-06   
9.43939e-07   -1.61171e-06   2.98632e-06   2.99966e-06   -1.31372e-06   -3.15272e-06   -2.6378e-06   3.41483e-06   5.65047e-06   -3.87567e-06   -2.84554e-06   1.91683e-06   1.45217e-06   -6.17839e-07   -1.89121e-06   -2.09179e-06   4.67839e-07   -1.04164e-06   5.21274e-06   4.60065e-06   -4.09645e-06   -3.37332e-06   3.47229e-06   -2.91991e-06   4.2803e-06   -3.18233e-06   1.19043e-06   -1.80844e-06   -1.50448e-06   -2.78573e-07   1.96911e-06   -2.27585e-06   
7.31152e-07   -1.57477e-06   3.19403e-06   3.01021e-06   -1.34512e-06   -3.24707e-06   -2.62971e-06   3.51331e-06   6.00892e-06   -4.04631e-06   -2.79285e-06   2.2231e-06   1.43202e-06   -6.03046e-07   -2.00983e-06   -1.99634e-06   3.80556e-07   -1.23326e-06   5.28435e-06   4.93115e-06   -4.16072e-06   -3.70934e-06   3.6048e-06   -3.04947e-06   4.36709e-06   -3.43857e-06   1.31234e-06   -1.72478e-06   -1.63233e-06   -5.42984e-07   2.0335e-06   -2.25409e-06   
8.57689e-07   -1.68763e-06   3.31118e-06   3.08174e-06   -1.6478e-06   -3.3145e-06   -2.94033e-06   3.52279e-06   6.02387e-06   -3.96142e-06   -3.04311e-06   2.14638e-06   1.46744e-06   -5.57414e-07   -2.06389e-06   -2.51989e-06   5.95843e-07   -1.05967e-06   5.33109e-06   5.04198e-06   -4.21674e-06   -3.68938e-06   3.78996e-06   -3.22319e-06   4.60041e-06   -3.49948e-06   1.51877e-06   -1.77092e-06   -1.69943e-06   -3.23612e-07   2.06268e-06   -2.09193e-06   
7.70557e-07   -1.80706e-06   3.20512e-06   3.03394e-06   -1.22145e-06   -3.44607e-06   -2.92395e-06   3.65367e-06   6.19871e-06   -4.39632e-06   -3.22237e-06   2.43791e-06   1.51511e-06   -6.90587e-07   -2.10127e-06   -2.22043e-06   5.73604e-07   -1.11479e-06   5.53316e-06   4.91568e-06   -4.25126e-06   -4.04157e-06   3.78619e-06   -3.26763e-06   4.59654e-06   -3.47749e-06   1.39646e-06   -1.63269e-06   -1.73611e-06   -3.67224e-07   2.4216e-06   -2.08449e-06   
9.01174e-07   -1.83323e-06   3.42213e-06   3.23772e-06   -1.49237e-06   -3.48713e-06   -3.16696e-06   3.85664e-06   6.39933e-06   -4.19156e-06   -2.9997e-06   2.37811e-06   1.58327e-06   -6.88399e-07   -2.32378e-06   -2.33763e-06   5.14405e-07   -1.27968e-06   5.60592e-06   5.1423e-06   -4.62139e-06   -3.79213e-06   4.07617e-06   -3.21287e-06   4.79054e-06   -3.49407e-06   1.34541e-06   -1.91043e-06   -1.76495e-06   -4.40528e-07   2.17752e-06   -2.35232e-06   
8.84639e-07   -1.88415e-06   3.5192e-06   3.35323e-06   -1.46907e-06   -3.48678e-06   -3.23093e-06   3.88569e-06   6.6235e-06   -4.47744e-06   -3.00538e-06   2.56489e-06   1.62606e-06   -6.12292e-07   -2.18032e-06   -2.47978e-06   3.78731e-07   -1.2969e-06   6.03175e-06   5.25734e-06   -4.61021e-06   -4.11479e-06   3.92365e-06   -3.42945e-06   4.60557e-06   -3.60407e-06   1.56071e-06   -1.83081e-06   -1.90637e-06   -4.29567e-07   2.00687e-06   -2.12823e-06   
8.49014e-07   -1.80005e-06   3.86585e-06   3.43792e-06   -1.7281e-06   -3.57741e-06   -3.12593e-06   3.83116e-06   6.54006e-06   -4.42837e-06   -3.37906e-06   2.27146e-06   1.80779e-06   -6.28813e-07   -2.19014e-06   -2.44067e-06   3.76317e-07   -1.27509e-06   6.1618e-06   5.3499e-06   -4.71263e-06   -4.11025e-06   4.20019e-06   -3.49541e-06   4.99217e-06   -3.8503e-06   1.48437e-06   -1.78899e-06   -2.01445e-06   -3.69238e-07   2.17209e-06   -2.37448e-06   
1.04567e-06   -1.80693e-06   3.68694e-06   3.29556e-06   -1.65859e-06   -3.713e-06   -3.24266e-06   4.19383e-06   6.76939e-06   -4.57639e-06   -3.17693e-06   2.44558e-06   1.80823e-06   -7.98012e-07   -2.42499e-06   -2.57564e-06   5.96388e-07   -1.35233e-06   6.25884e-06   5.61165e-06   -4.87992e-06   -4.44464e-06   4.35302e-06   -3.5221e-06   5.10853e-06   -3.77689e-06   1.29806e-06   -2.04933e-06   -1.97152e-06   -4.31698e-07   2.23931e-06   -2.25844e-06   
1.16204e-06   -1.99742e-06   3.68793e-06   3.50783e-06   -1.52461e-06   -3.72518e-06   -3.30218e-06   4.1414e-06   6.84602e-06   -4.5421e-06   -3.39653e-06   2.59099e-06   1.71042e-06   -6.7938e-07   -2.30883e-06   -2.49495e-06   6.20523e-07   -1.37713e-06   6.2225e-06   5.36842e-06   -5.08205e-06   -4.30542e-06   4.35529e-06   -3.59773e-06   5.28334e-06   -3.96031e-06   1.39845e-06   -1.96398e-06   -2.00044e-06   -5.32331e-07   2.37875e-06   -2.44628e-06   
9.47876e-07   -2.09833e-06   3.6937e-06   3.6793e-06   -1.71386e-06   -3.76568e-06   -3.2921e-06   4.37855e-06   6.99499e-06   -4.75215e-06   -3.58792e-06   2.46241e-06   1.60194e-06   -6.24459e-07   -2.50411e-06   -2.84385e-06   6.48871e-07   -1.17588e-06   6.32805e-06   5.7252e-06   -4.95631e-06   -4.34396e-06   4.46986e-06   -3.61736e-06   5.192e-06   -4.02679e-06   1.58595e-06   -2.17792e-06   -1.86326e-06   -3.22235e-07   2.47841e-06   -2.48282e-06   
7.81346e-07   -1.99829e-06   3.82702e-06   3.7222e-06   -1.64653e-06   -3.90904e-06   -3.46312e-06   4.45668e-06   6.94787e-06   -4.81692e-06   -3.62506e-06   2.70042e-06   1.81596e-06   -6.29376e-07   -2.35813e-06   -2.64266e-06   6.66233e-07   -1.28058e-06   6.40497e-06   5.85091e-06   -4.91634e-06   -4.67817e-06   4.45281e-06   -3.67303e-06   5.17272e-06   -4.03006e-06   1.49327e-06   -1.99396e-06   -2.02029e-06   -3.40936e-07   2.29769e-06   -2.53177e-06   
9.8072e-07   -2.1299e-06   3.7328e-06   3.68697e-06   -1.93869e-06   -4.10961e-06   -3.47971e-06   4.42946e-06   7.20448e-06   -4.96257e-06   -3.53175e-06   2.81186e-06   1.91789e-06   -8.42032e-07   -2.40395e-06   -2.78145e-06   5.53736e-07   -1.41091e-06   6.46111e-06   5.90889e-06   -5.1154e-06   -4.4495e-06   4.6027e-06   -3.69837e-06   5.58815e-06   -4.18339e-06   1.75963e-06   -1.99249e-06   -2.04325e-06   -4.23406e-07   2.36653e-06   -2.47027e-06   
1.03429e-06   -1.93337e-06   3.92058e-06   3.91086e-06   -1.84731e-06   -3.94039e-06   -3.55275e-06   4.32645e-06   7.21283e-06   -5.14483e-06   -3.68907e-06   2.66851e-06   1.81043e-06   -8.50753e-07   -2.54283e-06   -2.59622e-06   6.18834e-07   -1.33793e-06   6.62517e-06   5.90559e-06   -5.29138e-06   -4.46186e-06   4.72797e-06   -3.79484e-06   5.50541e-06   -4.17335e-06   1.52319e-06   -2.03265e-06   -2.0104e-06   -5.88848e-07   2.60293e-06   -2.56521e-06   
9.29629e-07   -2.02121e-06   4.00615e-06   3.66595e-06   -1.61604e-06   -4.23259e-06   -3.47272e-06   4.52609e-06   7.44835e-06   -4.86355e-06   -3.54368e-06   2.70516e-06   1.93771e-06   -6.73961e-07   -2.72756e-06   -2.74601e-06   4.24462e-07   -1.34873e-06   6.68843e-06   6.03857e-06   -5.21259e-06   -4.52102e-06   4.6137e-06   -3.95877e-06   5.37525e-06   -4.17436e-06   1.71283e-06   -2.25441e-06   -2.00232e-06   -4.30269e-07   2.42958e-06   -2.6502e-06   
1.14857e-06   -2.27686e-06   3.81912e-06   3.87291e-06   -1.75523e-06   -4.04926e-06   -3.67732e-06   4.59446e-06   7.35881e-06   -5.01147e-06   -3.55034e-06   2.78326e-06   1.8553e-06   -8.83869e-07   -2.47996e-06   -2.7241e-06   6.84107e-07   -1.34511e-06   6.71219e-06   6.01012e-06   -5.25785e-06   -4.70848e-06   4.65406e-06   -3.84268e-06   5.47709e-06   -4.29751e-06   1.70551e-06   -2.11481e-06   -2.23188e-06   -4.38226e-07   2.65643e-06   -2.63691e-06   
1.03527e-06   -2.18042e-06   4.08349e-06   3.88776e-06   -1.64876e-06   -4.18611e-06   -3.74578e-06   4.49707e-06   7.38253e-06   -5.04979e-06   -3.84132e-06   2.82772e-06   1.97333e-06   -7.57091e-07   -2.53531e-06   -2.89622e-06   5.29772e-07   -1.26925e-06   6.80841e-06   6.21426e-06   -5.32327e-06   -4.48202e-06   4.75791e-06   -3.74336e-06   5.43705e-06   -4.26609e-06   1.55703e-06   -2.15114e-06   -2.30119e-06   -4.51458e-07   2.53624e-06   -2.65315e-06   
1.06059e-06   -2.13806e-06   4.19445e-06   3.98501e-06   -1.86487e-06   -4.17582e-06   -3.69705e-06   4.60702e-06   7.66261e-06   -4.8877e-06   -3.69956e-06   2.76013e-06   1.79577e-06   -8.29197e-07   -2.59049e-06   -2.94241e-06   4.76463e-07   -1.13318e-06   6.71651e-06   6.01968e-06   -5.43299e-06   -4.58021e-06   4.75066e-06   -3.99386e-06   5.84234e-06   -4.29513e-06   1.62872e-06   -2.34784e-06   -2.26224e-06   -4.11353e-07   2.61642e-06   -2.78484e-06   
9.12247e-07   -2.08557e-06   4.02112e-06   3.86662e-06   -1.7408e-06   -4.16662e-06   -3.66219e-06   4.73885e-06   7.68714e-06   -5.0359e-06   -3.60597e-06   2.95761e-06   1.98567e-06   -9.23089e-07   -2.52625e-06   -2.87314e-06   6.123e-07   -1.42225e-06   6.70605e-06   6.17882e-06   -5.524e-06   -4.70093e-06   4.80193e-06   -3.82943e-06   5.68136e-06   -4.34488e-06   1.74022e-06   -2.27754e-06   -2.25171e-06   -4.90455e-07   2.41669e-06   -2.79204e-06   
9.60689e-07   -2.11624e-06   4.08484e-06   3.84652e-06   -1.99205e-06   -4.22525e-06   -3.78089e-06   4.6582e-06   7.70508e-06   -5.08441e-06   -3.71112e-06   2.78736e-06   1.90595e-06   -9.02083e-07   -2.65401e-06   -2.96971e-06   6.64318e-07   -1.32311e-06   6.95515e-06   6.31233e-06   -5.35524e-06   -4.60425e-06   4.92889e-06   -3.87808e-06   5.85969e-06   -4.39874e-06   1.59776e-06   -2.26653e-06   -2.25015e-06   -5.45395e-07   2.68253e-06   -2.84938e-06   
9.79666e-07   -2.25405e-06   4.19235e-06   3.89006e-06   -1.86671e-06   -4.18497e-06   -3.64343e-06   4.44614e-06   7.59682e-06   -5.02589e-06   -3.75209e-06   2.89617e-06   1.9151e-06   -7.67934e-07   -2.60754e-06   -2.86977e-06   6.19158e-07   -1.49682e-06   6.88345e-06   6.24848e-06   -5.46206e-06   -4.66061e-06   4.75439e-06   -3.8961e-06   5.87053e-06   -4.28643e-06   1.67733e-06   -2.20533e-06   -2.38635e-06   -5.1505e-07   2.59313e-06   -2.63166e-06   
1.02081e-06   -2.17282e-06   4.22275e-06   4.00724e-06   -1.84596e-06   -3.93992e-06   -3.47867e-06   4.61748e-06   7.69879e-06   -5.12468e-06   -3.91544e-06   2.95353e-06   2.11662e-06   -9.05084e-07   -2.58112e-06   -3.09924e-06   5.97582e-07   -1.49804e-06   6.93933e-06   6.21649e-06   -5.5566e-06   -4.94501e-06   4.919e-06   -3.94983e-06   5.81939e-06   -4.35312e-06   1.56169e-06   -2.40541e-06   -2.28775e-06   -5.64674e-07   2.62357e-06   -2.64561e-06   
1.00145e-06   -2.10217e-06   4.12791e-06   4.05929e-06   -1.83121e-06   -4.22594e-06   -3.62866e-06   4.85234e-06   7.84123e-06   -5.0728e-06   -3.78683e-06   2.80838e-06   1.8219e-06   -9.11556e-07   -2.65404e-06   -2.8905e-06   4.4229e-07   -1.38097e-06   7.00012e-06   6.05307e-06   -5.41496e-06   -4.91787e-06   4.80635e-06   -4.084e-06   5.86184e-06   -4.21542e-06   1.6907e-06   -2.24264e-06   -2.31772e-06   -5.16919e-07   2.62009e-06   -2.74827e-06   
8.65183e-07   -2.16071e-06   4.10547e-06   3.93802e-06   -1.85854e-06   -4.02876e-06   -3.75057e-06   4.60043e-06   7.65874e-06   -5.17312e-06   -3.72809e-06   2.81831e-06   1.98582e-06   -8.57158e-07   -2.84264e-06   -2.72824e-06   6.78536e-07   -1.43254e-06   6.84518e-06   6.08174e-06   -5.39172e-06   -4.83337e-06   5.04115e-06   -3.91752e-06   5.71407e-06   -4.44452e-06   1.78438e-06   -2.02794e-06   -2.13987e-06   -5.09944e-07   2.54817e-06   -2.79264e-06   
9.41821e-07   -2.18979e-06   4.27132e-06   4.04452e-06   -2.0138e-06   -4.19285e-06   -3.51928e-06   4.78485e-06   7.70031e-06   -5.22316e-06   -3.6546e-06   2.97828e-06   1.64159e-06   -9.42325e-07   -2.65283e-06   -2.89573e-06   4.73951e-07   -1.40623e-06   7.0284e-06   6.29155e-06   -5.33495e-06   -4.74806e-06   4.88666e-06   -4.13973e-06   5.56288e-06   -4.35004e-06   1.8654e-06   -2.27864e-06   -2.18323e-06   -5.5628e-07   2.73996e-06   -2.87409e-06   
9.84215e-07   -2.31046e-06   4.10894e-06   4.24468e-06   -1.77063e-06   -4.25328e-06   -3.55306e-06   4.58255e-06   7.71607e-06   -5.22199e-06   -3.83609e-06   2.82624e-06   2.01277e-06   -6.79926e-07   -2.45571e-06   -2.84413e-06   4.75557e-07   -1.47889e-06   6.92747e-06   6.3926e-06   -5.6243e-06   -5.05293e-06   5.01909e-06   -4.12976e-06   5.7525e-06   -4.38686e-06   1.65835e-06   -2.21275e-06   -2.33028e-06   -5.24642e-07   2.61861e-06   -2.59965e-06   
9.19473e-07   -2.166e-06   4.03308e-06   3.93921e-06   -2.01447e-06   -4.25328e-06   -3.5248e-06   4.61936e-06   7.85854e-06   -5.1628e-06   -3.78284e-06   2.76309e-06   2.03924e-06   -8.62941e-07   -2.54904e-06   -2.94767e-06   6.60833e-07   -1.59342e-06   7.00764e-06   6.38608e-06   -5.59486e-06   -4.89083e-06   4.81617e-06   -3.96169e-06   5.68576e-06   -4.24776e-06   1.80352e-06   -2.32924e-06   -2.09081e-06   -5.07589e-07   2.83703e-06   -2.84316e-06   
9.24704e-07   -2.03852e-06   3.97447e-06   3.95811e-06   -1.73891e-06   -4.23424e-06   -3.54942e-06   4.48064e-06   7.60015e-06   -5.20711e-06   -3.7155e-06   2.78155e-06   2.00672e-06   -8.34505e-07   -2.72231e-06   -3.0534e-06   6.90931e-07   -1.5023e-06   7.00527e-06   6.35715e-06   -5.33459e-06   -4.85049e-06   4.85724e-06   -4.10132e-06   5.83896e-06   -4.24305e-06   1.77586e-06   -2.18701e-06   -2.25781e-06   -4.89474e-07   2.63566e-06   -2.77943e-06   
1.1074e-06   -2.064e-06   4.27678e-06   4.05975e-06   -1.94358e-06   -4.12748e-06   -3.66533e-06   4.6456e-06   7.87318e-06   -5.04094e-06   -3.6129e-06   2.93332e-06   1.72681e-06   -8.94931e-07   -2.85605e-06   -2.98476e-06   4.17186e-07   -1.55141e-06   6.72611e-06   6.17587e-06   -5.48101e-06   -4.7538e-06   4.85642e-06   -3.86314e-06   5.60478e-06   -4.25047e-06   1.85016e-06   -2.42857e-06   -2.04434e-06   -5.55926e-07   2.61665e-06   -2.70584e-06   
1.05103e-06   -2.18156e-06   4.158e-06   3.99537e-06   -1.76589e-06   -3.98035e-06   -3.6506e-06   4.58473e-06   7.77266e-06   -5.26734e-06   -3.79675e-06   2.95762e-06   1.77715e-06   -9.50185e-07   -2.76254e-06   -2.88459e-06   4.47211e-07   -1.50477e-06   7.00766e-06   6.26303e-06   -5.45234e-06   -4.67808e-06   4.8578e-06   -3.80616e-06   5.69804e-06   -4.30263e-06   1.62651e-06   -2.34388e-06   -2.15712e-06   -6.44207e-07   2.58185e-06   -2.59955e-06   
1.13371e-06   -1.80721e-06   4.23779e-06   4.14639e-06   -1.73453e-06   -4.00289e-06   -3.36762e-06   4.81261e-06   7.7163e-06   -5.13811e-06   -3.65905e-06   2.65168e-06   1.67177e-06   -1.14135e-06   -2.91074e-06   -3.32374e-06   2.39082e-07   -1.64743e-06   7.04521e-06   6.32581e-06   -5.2018e-06   -4.50718e-06   4.87725e-06   -4.18913e-06   5.7123e-06   -4.22484e-06   1.39074e-06   -2.40884e-06   -2.00982e-06   -5.70439e-07   2.43315e-06   -2.50917e-06   
1.15908e-06   -1.79664e-06   4.18073e-06   4.17404e-06   -1.71354e-06   -3.70575e-06   -3.59466e-06   4.56255e-06   7.5253e-06   -5.26678e-06   -3.66881e-06   2.67045e-06   1.8671e-06   -1.13247e-06   -3.1078e-06   -3.07629e-06   3.32331e-07   -1.74833e-06   6.93531e-06   6.50746e-06   -4.96176e-06   -4.46938e-06   4.8708e-06   -4.19594e-06   5.50085e-06   -4.24792e-06   1.50777e-06   -2.48546e-06   -2.11732e-06   -7.17424e-07   2.79084e-06   -2.53012e-06   
1.21192e-06   -1.88338e-06   4.26456e-06   4.19372e-06   -1.52172e-06   -3.61333e-06   -3.33277e-06   4.68596e-06   7.62999e-06   -4.9167e-06   -3.65384e-06   2.85092e-06   1.59254e-06   -1.37367e-06   -3.056e-06   -3.07034e-06   2.03467e-07   -1.89841e-06   6.94382e-06   6.36159e-06   -4.96311e-06   -4.45052e-06   4.72768e-06   -3.93625e-06   5.68236e-06   -4.39639e-06   1.23978e-06   -2.69763e-06   -2.16501e-06   -7.97764e-07   2.73668e-06   -2.55523e-06   
1.33039e-06   -1.60021e-06   4.26485e-06   4.26605e-06   -1.33538e-06   -3.66025e-06   -3.19601e-06   4.56842e-06   7.59209e-06   -4.7725e-06   -3.66603e-06   2.65317e-06   1.49778e-06   -1.34763e-06   -3.39287e-06   -3.22184e-06   1.3836e-07   -1.93206e-06   6.79075e-06   6.44327e-06   -4.83799e-06   -4.39043e-06   4.58027e-06   -4.02946e-06   5.46305e-06   -4.15982e-06   1.28095e-06   -2.78997e-06   -2.06152e-06   -9.00304e-07   2.7738e-06   -2.30877e-06   
1.5607e-06   -1.31842e-06   4.22222e-06   4.27019e-06   -1.10872e-06   -3.50545e-06   -3.01933e-06   4.62798e-06   7.50941e-06   -4.82924e-06   -3.46414e-06   2.48381e-06   1.38245e-06   -1.63363e-06   -3.54906e-06   -3.18618e-06   -1.1314e-07   -2.06617e-06   7.01733e-06   6.48236e-06   -4.64017e-06   -4.09714e-06   4.49607e-06   -4.00623e-06   5.24145e-06   -4.28207e-06   1.17469e-06   -2.90443e-06   -2.10911e-06   -1.15425e-06   2.76868e-06   -2.19806e-06   
1.66478e-06   -1.33374e-06   4.66253e-06   4.33036e-06   -9.41043e-07   -3.1933e-06   -3.01337e-06   4.56671e-06   7.47346e-06   -4.7284e-06   -3.64368e-06   2.3724e-06   1.07882e-06   -1.71861e-06   -3.55314e-06   -3.15685e-06   -2.2947e-07   -2.18627e-06   6.90626e-06   6.40997e-06   -4.61235e-06   -4.10786e-06   4.62304e-06   -4.15715e-06   5.36604e-06   -4.19723e-06   9.8377e-07   -3.10393e-06   -1.82093e-06   -1.34015e-06   2.74649e-06   -2.11194e-06   
1.52792e-06   -1.1525e-06   4.51691e-06   4.64218e-06   -9.44269e-07   -3.01469e-06   -2.91928e-06   4.62201e-06   7.52716e-06   -4.79406e-06   -3.3667e-06   2.14783e-06   1.13449e-06   -2.10825e-06   -3.93646e-06   -3.36393e-06   -3.09731e-07   -2.4325e-06   7.00182e-06   6.48486e-06   -4.45352e-06   -3.9501e-06   4.43464e-06   -4.08124e-06   5.49291e-06   -4.06579e-06   1.06055e-06   -3.0958e-06   -1.83847e-06   -1.40108e-06   2.88614e-06   -2.2195e-06   
1.72952e-06   -1.11471e-06   4.60513e-06   4.46211e-06   -6.47097e-07   -3.00506e-06   -2.80058e-06   4.58117e-06   7.48555e-06   -4.50584e-06   -3.32864e-06   2.27785e-06   8.58041e-07   -2.275e-06   -3.9748e-06   -3.50963e-06   -4.02941e-07   -2.72272e-06   7.19307e-06   6.6829e-06   -4.12328e-06   -3.83974e-06   4.33815e-06   -4.27151e-06   5.30647e-06   -4.14766e-06   7.80113e-07   -3.0924e-06   -1.88569e-06   -1.49055e-06   2.97852e-06   -2.10552e-06   
1.87895e-06   -6.51784e-07   4.58396e-06   4.76223e-06   -4.34146e-07   -2.6772e-06   -2.66964e-06   4.66096e-06   7.32169e-06   -4.60684e-06   -3.45981e-06   2.07371e-06   7.30106e-07   -2.44085e-06   -4.36507e-06   -3.63863e-06   -4.72075e-07   -2.71022e-06   7.16235e-06   6.65172e-06   -3.88085e-06   -3.71382e-06   4.14805e-06   -4.43525e-06   5.40545e-06   -4.20991e-06   7.38815e-07   -3.30641e-06   -1.6582e-06   -1.75537e-06   2.84998e-06   -1.84084e-06   
2.02126e-06   -6.74739e-07   4.66528e-06   4.95452e-06   -5.15283e-07   -2.48443e-06   -2.64466e-06   4.4571e-06   7.42239e-06   -4.44161e-06   -3.25727e-06   2.26463e-06   7.83925e-07   -2.79045e-06   -4.43203e-06   -3.63859e-06   -6.88401e-07   -3.0719e-06   7.00338e-06   6.63516e-06   -3.85449e-06   -3.49362e-06   4.22923e-06   -4.44463e-06   5.25844e-06   -4.16495e-06   8.22378e-07   -3.37636e-06   -1.54257e-06   -2.04875e-06   2.85541e-06   -1.78293e-06   
2.17709e-06   -7.2793e-07   4.66861e-06   4.84961e-06   -1.60659e-07   -2.34932e-06   -2.17205e-06   4.52798e-06   7.37808e-06   -4.35999e-06   -3.08242e-06   2.10643e-06   4.2033e-07   -2.64985e-06   -4.70085e-06   -3.80659e-06   -8.91533e-07   -3.06197e-06   7.17372e-06   6.73196e-06   -3.77649e-06   -3.41355e-06   3.97433e-06   -4.25299e-06   5.29397e-06   -4.2743e-06   5.08355e-07   -3.558e-06   -1.7014e-06   -2.109e-06   3.00576e-06   -1.74219e-06   
2.43617e-06   -5.8937e-07   4.62704e-06   4.86901e-06   1.76787e-08   -2.13904e-06   -2.29565e-06   4.43177e-06   7.12631e-06   -4.3675e-06   -3.10501e-06   1.94381e-06   1.76267e-07   -2.91185e-06   -4.81618e-06   -3.76173e-06   -1.09597e-06   -3.11233e-06   7.10072e-06   7.10792e-06   -3.56477e-06   -3.09634e-06   4.03487e-06   -4.45769e-06   5.24388e-06   -4.09886e-06   5.22143e-07   -3.76202e-06   -1.70482e-06   -2.28492e-06   3.24894e-06   -1.6948e-06   
2.46821e-06   -3.53559e-07   4.61061e-06   4.97479e-06   2.01801e-07   -1.92313e-06   -2.00815e-06   4.28124e-06   7.2127e-06   -4.15796e-06   -3.02962e-06   1.89003e-06   2.1069e-07   -3.24369e-06   -4.94362e-06   -3.84056e-06   -1.1801e-06   -3.51523e-06   7.00499e-06   7.02562e-06   -3.08689e-06   -3.01089e-06   3.96957e-06   -4.54526e-06   5.1043e-06   -4.0317e-06   1.10372e-07   -3.97433e-06   -1.44457e-06   -2.24351e-06   2.96827e-06   -1.4779e-06   
2.5203e-06   -2.27832e-07   4.73633e-06   4.98566e-06   3.90253e-07   -1.74492e-06   -1.71628e-06   4.38483e-06   7.23832e-06   -4.06e-06   -3.0359e-06   1.79304e-06   1.7698e-07   -3.40848e-06   -5.18491e-06   -4.00587e-06   -1.28884e-06   -3.61973e-06   6.91027e-06   7.0606e-06   -2.93773e-06   -2.94367e-06   3.97929e-06   -4.45037e-06   5.0831e-06   -4.24447e-06   2.00873e-07   -3.98996e-06   -1.5616e-06   -2.79137e-06   3.06744e-06   -1.29859e-06   
2.69152e-06   -5.1522e-08   4.85511e-06   5.17037e-06   3.97591e-07   -1.61566e-06   -1.72872e-06   4.36496e-06   7.08425e-06   -3.80617e-06   -3.0414e-06   1.47882e-06   7.25389e-08   -3.50934e-06   -5.21575e-06   -4.07837e-06   -1.45905e-06   -3.7508e-06   7.13053e-06   6.8946e-06   -2.73987e-06   -2.69282e-06   3.81913e-06   -4.5375e-06   5.12433e-06   -4.05649e-06   3.96721e-08   -4.26976e-06   -1.39651e-06   -2.81881e-06   3.03251e-06   -1.36553e-06   
2.69096e-06   1.68344e-07   4.72243e-06   5.22446e-06   5.37524e-07   -1.3252e-06   -1.4605e-06   4.45994e-06   7.11971e-06   -3.71865e-06   -2.78106e-06   1.77823e-06   -1.28154e-07   -3.75006e-06   -5.44026e-06   -4.28491e-06   -1.66143e-06   -3.94506e-06   7.14045e-06   6.99248e-06   -2.66048e-06   -2.57891e-06   3.59396e-06   -4.59905e-06   4.81643e-06   -3.92053e-06   1.16539e-08   -4.41341e-06   -1.35648e-06   -3.06059e-06   2.97748e-06   -1.13712e-06   
2.85013e-06   3.75671e-07   4.82321e-06   5.30147e-06   6.60239e-07   -1.09842e-06   -1.38319e-06   4.28e-06   7.06438e-06   -3.84057e-06   -2.93225e-06   1.50811e-06   -2.86116e-07   -4.04148e-06   -5.69111e-06   -4.25221e-06   -1.68813e-06   -4.03204e-06   7.10047e-06   7.13323e-06   -2.47405e-06   -2.40123e-06   3.60835e-06   -4.49923e-06   4.95458e-06   -4.15412e-06   1.5429e-08   -4.37847e-06   -1.32784e-06   -3.10222e-06   2.94427e-06   -1.0154e-06   
3.03438e-06   3.82975e-07   4.89566e-06   5.34305e-06   9.88824e-07   -1.0525e-06   -1.17585e-06   4.46256e-06   6.94986e-06   -3.56837e-06   -2.6409e-06   1.35147e-06   -5.11493e-07   -4.20875e-06   -5.83052e-06   -4.10185e-06   -1.94137e-06   -4.21658e-06   7.18054e-06   6.94027e-06   -2.22589e-06   -2.3952e-06   3.61545e-06   -4.61893e-06   4.90204e-06   -4.07178e-06   -3.62822e-07   -4.60007e-06   -1.08972e-06   -3.48731e-06   3.1015e-06   -1.04086e-06   
3.02904e-06   6.63807e-07   4.83006e-06   5.5839e-06   1.03045e-06   -7.79488e-07   -1.00156e-06   4.10205e-06   6.85583e-06   -3.50939e-06   -2.67283e-06   1.31244e-06   -7.02289e-07   -4.02396e-06   -6.07664e-06   -4.47025e-06   -1.94718e-06   -4.58636e-06   7.15891e-06   7.08627e-06   -2.02097e-06   -1.91487e-06   3.44072e-06   -4.62569e-06   4.62647e-06   -4.04281e-06   -3.00506e-07   -4.63605e-06   -1.05283e-06   -3.55012e-06   3.31827e-06   -1.11248e-06   
3.04109e-06   7.60592e-07   4.88281e-06   5.57211e-06   1.203e-06   -6.13522e-07   -7.68074e-07   4.19541e-06   6.96169e-06   -3.32394e-06   -2.74961e-06   1.08662e-06   -8.67818e-07   -4.42328e-06   -6.11443e-06   -4.51323e-06   -2.25383e-06   -4.60403e-06   7.03618e-06   7.21357e-06   -1.79732e-06   -1.90014e-06   3.421e-06   -4.32843e-06   4.55143e-06   -3.9332e-06   -6.74662e-07   -4.79655e-06   -1.0828e-06   -3.63269e-06   3.25324e-06   -7.92443e-07   
2.98962e-06   9.81449e-07   4.97944e-06   5.6785e-06   1.35055e-06   -3.08964e-07   -6.99991e-07   4.07624e-06   6.78704e-06   -3.37862e-06   -2.59551e-06   1.02033e-06   -1.06316e-06   -4.63507e-06   -6.41755e-06   -4.52192e-06   -2.3413e-06   -4.81043e-06   6.93838e-06   7.14342e-06   -1.81053e-06   -1.45487e-06   3.23259e-06   -4.54313e-06   4.59696e-06   -3.959e-06   -6.08789e-07   -4.7847e-06   -8.34766e-07   -3.8131e-06   3.43266e-06   -6.2179e-07   
3.23621e-06   9.36681e-07   4.95745e-06   5.34557e-06   1.79872e-06   -1.78915e-07   -6.70821e-07   4.08893e-06   6.67205e-06   -3.25968e-06   -2.54477e-06   1.10975e-06   -1.08383e-06   -4.56845e-06   -6.43062e-06   -4.39849e-06   -2.39095e-06   -4.88805e-06   6.95972e-06   7.02507e-06   -1.47837e-06   -1.58549e-06   3.25899e-06   -4.71876e-06   4.45987e-06   -3.7997e-06   -4.80173e-07   -5.09766e-06   -8.47977e-07   -3.99383e-06   3.26815e-06   -6.96428e-07   
3.22807e-06   1.08833e-06   4.92206e-06   5.74963e-06   1.82284e-06   7.93159e-08   -5.22322e-07   3.97563e-06   6.77064e-06   -3.07356e-06   -2.4358e-06   9.12809e-07   -1.14756e-06   -4.88872e-06   -6.53847e-06   -4.51933e-06   -2.54227e-06   -4.9115e-06   6.81836e-06   6.99776e-06   -1.41265e-06   -1.42632e-06   3.07171e-06   -4.65028e-06   4.407e-06   -3.69876e-06   -9.14059e-07   -5.01452e-06   -7.27579e-07   -4.07731e-06   3.28752e-06   -6.30076e-07   
3.42724e-06   1.08548e-06   4.98781e-06   5.74851e-06   1.80219e-06   2.44563e-07   -2.97835e-07   4.04911e-06   6.42964e-06   -2.86154e-06   -2.51955e-06   8.47152e-07   -1.29014e-06   -4.80699e-06   -6.94947e-06   -4.51204e-06   -2.86379e-06   -5.11215e-06   6.99805e-06   7.23854e-06   -1.06503e-06   -1.27937e-06   3.09685e-06   -4.70582e-06   4.25432e-06   -3.97821e-06   -9.92e-07   -5.1985e-06   -7.40507e-07   -4.05555e-06   3.35127e-06   -3.31408e-07   
3.75353e-06   1.51353e-06   5.03398e-06   5.74338e-06   1.88781e-06   2.4598e-07   -1.6187e-07   3.87949e-06   6.58174e-06   -2.90053e-06   -2.4541e-06   9.01782e-07   -1.54748e-06   -5.05603e-06   -6.86509e-06   -4.61883e-06   -2.71007e-06   -5.12891e-06   6.90351e-06   7.42401e-06   -1.05911e-06   -1.34003e-06   2.89556e-06   -4.73992e-06   4.15991e-06   -3.73949e-06   -9.46476e-07   -5.38516e-06   -5.97506e-07   -4.48594e-06   3.38313e-06   -5.67439e-07   
3.53748e-06   1.65339e-06   4.97019e-06   5.85047e-06   2.18064e-06   7.47414e-07   -2.09548e-07   3.791e-06   6.44849e-06   -2.89373e-06   -2.28909e-06   6.58873e-07   -1.42756e-06   -5.15588e-06   -7.0394e-06   -4.74966e-06   -2.86872e-06   -5.349e-06   6.82606e-06   7.10208e-06   -8.12369e-07   -1.11283e-06   2.8546e-06   -4.69676e-06   4.22697e-06   -3.75411e-06   -1.14533e-06   -5.36069e-06   -7.25129e-07   -4.35691e-06   3.3106e-06   -2.16572e-07   
3.69695e-06   1.76428e-06   5.02533e-06   5.79634e-06   2.33292e-06   4.54944e-07   -5.26388e-08   3.88224e-06   6.36681e-06   -2.53798e-06   -2.22678e-06   6.38996e-07   -1.45901e-06   -5.45626e-06   -7.21502e-06   -4.81204e-06   -3.08389e-06   -5.52512e-06   6.7325e-06   7.08725e-06   -7.34711e-07   -9.03736e-07   2.80028e-06   -4.78996e-06   4.13029e-06   -3.531e-06   -1.15278e-06   -5.61669e-06   -6.14227e-07   -4.43026e-06   3.42882e-06   1.44077e-09   
3.74065e-06   1.79356e-06   4.96369e-06   5.9402e-06   2.27684e-06   6.51994e-07   1.21575e-07   3.77348e-06   6.24261e-06   -2.76388e-06   -2.05591e-06   7.73506e-07   -1.91242e-06   -5.45153e-06   -7.13204e-06   -4.91367e-06   -3.15262e-06   -5.46563e-06   6.78132e-06   7.0829e-06   -5.99837e-07   -8.85213e-07   2.73963e-06   -4.65515e-06   4.06993e-06   -3.55652e-06   -9.63281e-07   -5.67766e-06   -5.4136e-07   -4.55627e-06   3.39185e-06   -7.7009e-08   
3.86849e-06   2.08332e-06   4.99775e-06   5.79298e-06   2.24986e-06   8.30665e-07   1.88083e-07   3.7508e-06   6.20111e-06   -2.67917e-06   -1.98887e-06   5.73524e-07   -1.72501e-06   -5.59927e-06   -7.44024e-06   -4.86833e-06   -3.22459e-06   -5.72805e-06   6.73544e-06   7.00042e-06   -3.19944e-07   -8.64756e-07   2.79815e-06   -4.60598e-06   4.02142e-06   -3.43805e-06   -1.43878e-06   -5.53214e-06   -4.9348e-07   -4.59208e-06   3.30034e-06   1.34631e-07   
3.68978e-06   2.09479e-06   5.01896e-06   5.95438e-06   2.63796e-06   1.14137e-06   3.98601e-08   3.82806e-06   6.15501e-06   -2.4943e-06   -2.081e-06   5.1707e-07   -2.00748e-06   -5.72071e-06   -7.49323e-06   -4.68398e-06   -3.38382e-06   -5.69441e-06   6.69297e-06   6.99613e-06   -2.025e-07   -6.35305e-07   2.67559e-06   -4.57205e-06   3.80413e-06   -3.42938e-06   -1.42786e-06   -5.64555e-06   -4.74683e-07   -4.8023e-06   3.40733e-06   8.50793e-08   
3.81046e-06   2.2019e-06   4.89742e-06   5.91871e-06   2.58771e-06   1.2112e-06   4.12665e-07   3.67778e-06   6.14178e-06   -2.27896e-06   -1.78084e-06   2.04849e-07   -2.18172e-06   -5.93231e-06   -7.37388e-06   -4.68171e-06   -3.26153e-06   -5.67797e-06   6.58691e-06   7.07729e-06   -3.80156e-08   -4.56904e-07   2.37066e-06   -4.66804e-06   3.81838e-06   -3.4873e-06   -1.51618e-06   -5.70434e-06   -4.43994e-07   -4.89047e-06   3.39295e-06   6.61289e-08   
3.89278e-06   2.15708e-06   4.95401e-06   5.95339e-06   2.99118e-06   1.5349e-06   5.82093e-07   3.43466e-06   5.93325e-06   -2.2462e-06   -1.80806e-06   3.88844e-07   -2.3462e-06   -5.90479e-06   -7.64709e-06   -5.0424e-06   -3.5764e-06   -5.8572e-06   6.65737e-06   7.08046e-06   8.46069e-08   -3.65699e-07   2.57816e-06   -4.69025e-06   3.75513e-06   -3.45572e-06   -1.50416e-06   -5.7875e-06   -2.80747e-07   -5.05818e-06   3.31158e-06   2.66133e-07   
3.97865e-06   2.42102e-06   4.99637e-06   6.04107e-06   2.93407e-06   1.52945e-06   5.24539e-07   3.66269e-06   5.90911e-06   -2.1727e-06   -1.96741e-06   4.64295e-07   -2.27751e-06   -5.85854e-06   -7.64885e-06   -4.88947e-06   -3.61121e-06   -5.94613e-06   6.28731e-06   7.11371e-06   1.26455e-07   -3.1931e-07   2.24992e-06   -4.74942e-06   3.4694e-06   -3.28595e-06   -1.52122e-06   -5.77445e-06   -3.86157e-07   -4.80044e-06   3.20273e-06   2.87073e-07   
3.75926e-06   2.33844e-06   4.90089e-06   5.96798e-06   2.99048e-06   1.53497e-06   6.24256e-07   3.46842e-06   5.87638e-06   -1.97299e-06   -1.81677e-06   2.08156e-07   -2.48585e-06   -6.11278e-06   -7.72922e-06   -4.82563e-06   -3.54323e-06   -5.81851e-06   6.48488e-06   6.94491e-06   2.93244e-07   -1.96008e-07   2.30187e-06   -4.65744e-06   3.79985e-06   -3.4109e-06   -1.59357e-06   -5.70669e-06   -1.387e-07   -4.95476e-06   3.04818e-06   4.0796e-07   
4.16293e-06   2.53215e-06   5.01312e-06   5.93046e-06   3.13568e-06   1.43375e-06   6.98698e-07   3.63269e-06   5.80731e-06   -2.05541e-06   -1.71676e-06   1.3564e-07   -2.3521e-06   -6.21641e-06   -7.67695e-06   -4.85132e-06   -3.65645e-06   -5.91381e-06   6.18349e-06   6.80834e-06   4.48058e-07   -7.56566e-08   1.93931e-06   -4.49575e-06   3.80657e-06   -3.40101e-06   -1.69396e-06   -5.83123e-06   -2.31375e-07   -5.03216e-06   3.24724e-06   2.66383e-07   
4.0669e-06   2.52123e-06   4.77208e-06   5.86567e-06   3.08295e-06   1.69341e-06   9.47917e-07   3.56607e-06   5.50124e-06   -2.05384e-06   -1.65637e-06   8.08307e-08   -2.44104e-06   -6.0549e-06   -7.82015e-06   -4.95896e-06   -3.72959e-06   -6.019e-06   6.26634e-06   7.03528e-06   4.48319e-07   2.03476e-07   2.10647e-06   -4.55975e-06   3.533e-06   -3.19609e-06   -1.66726e-06   -5.91994e-06   -2.84706e-07   -5.02398e-06   3.21617e-06   4.64137e-07   
4.07087e-06   2.50069e-06   5.0963e-06   5.9437e-06   3.28209e-06   1.97155e-06   8.65423e-07   3.42621e-06   5.50808e-06   -1.89819e-06   -1.317e-06   -6.11062e-08   -2.55286e-06   -6.29572e-06   -7.86527e-06   -4.96587e-06   -3.66276e-06   -5.98886e-06   6.15232e-06   6.84621e-06   8.44146e-07   4.93185e-08   2.0972e-06   -4.54152e-06   3.42938e-06   -3.2757e-06   -1.99456e-06   -5.82737e-06   -1.98416e-07   -5.44724e-06   3.34912e-06   4.34411e-07   
4.13446e-06   2.68523e-06   4.83366e-06   5.92386e-06   3.18186e-06   1.8845e-06   9.13287e-07   3.49902e-06   5.51571e-06   -1.82053e-06   -1.67255e-06   -2.76756e-08   -2.61062e-06   -6.26938e-06   -7.87216e-06   -4.88299e-06   -3.73989e-06   -6.2023e-06   6.14603e-06   6.80711e-06   5.40914e-07   8.48493e-08   2.03018e-06   -4.44867e-06   3.44023e-06   -3.06526e-06   -1.79308e-06   -5.98449e-06   6.11476e-08   -5.22578e-06   3.34309e-06   5.73081e-07   
4.05451e-06   2.69282e-06   4.75142e-06   6.05078e-06   3.23235e-06   2.21599e-06   1.03692e-06   3.41976e-06   5.47742e-06   -1.82153e-06   -1.44938e-06   -1.4295e-07   -2.50797e-06   -6.21098e-06   -7.98922e-06   -4.74373e-06   -3.85145e-06   -6.17867e-06   6.12757e-06   6.72547e-06   8.01595e-07   2.56619e-07   1.96364e-06   -4.48315e-06   3.4317e-06   -3.20264e-06   -1.97645e-06   -5.8526e-06   1.33259e-08   -5.43185e-06   3.16286e-06   4.09707e-07   
4.32162e-06   2.6074e-06   4.90501e-06   5.82954e-06   3.46642e-06   2.00471e-06   1.05902e-06   3.27324e-06   5.3183e-06   -1.85777e-06   -1.40761e-06   -9.24297e-08   -2.57772e-06   -6.22251e-06   -7.90944e-06   -4.85389e-06   -3.83794e-06   -6.31516e-06   6.12155e-06   6.72556e-06   1.02813e-06   4.22447e-07   1.98939e-06   -4.54115e-06   3.09795e-06   -3.1253e-06   -1.93568e-06   -5.99817e-06   1.94589e-07   -5.44822e-06   3.28483e-06   4.57831e-07   
4.21494e-06   2.68005e-06   4.74551e-06   6.13945e-06   3.41961e-06   2.27061e-06   1.012e-06   3.03252e-06   5.48023e-06   -1.79058e-06   -1.28357e-06   -5.9305e-08   -2.62182e-06   -6.29664e-06   -8.08797e-06   -4.80286e-06   -4.09504e-06   -6.08556e-06   6.10446e-06   6.56204e-06   1.08142e-06   4.77594e-07   1.86514e-06   -4.37436e-06   3.10621e-06   -2.91922e-06   -2.28178e-06   -6.0291e-06   -7.15524e-08   -5.39215e-06   3.17951e-06   8.03595e-07   
4.04384e-06   2.87679e-06   4.87374e-06   5.99423e-06   3.2967e-06   2.28763e-06   1.21707e-06   3.24417e-06   5.01331e-06   -1.48819e-06   -1.2857e-06   -2.1415e-07   -2.69492e-06   -6.39388e-06   -7.81307e-06   -4.72842e-06   -3.93194e-06   -6.09248e-06   5.95872e-06   6.68031e-06   1.14785e-06   4.27603e-07   1.69366e-06   -4.50471e-06   3.08821e-06   -2.92109e-06   -2.14162e-06   -5.98446e-06   4.20881e-08   -5.5925e-06   3.14052e-06   7.41019e-07   
4.23834e-06   2.87529e-06   4.64313e-06   5.85133e-06   3.38717e-06   2.2054e-06   1.41214e-06   3.26247e-06   4.91644e-06   -1.37912e-06   -1.3417e-06   -2.55778e-07   -2.83879e-06   -6.27093e-06   -7.92819e-06   -4.93247e-06   -3.88102e-06   -6.17065e-06   5.87573e-06   6.62566e-06   1.25478e-06   6.09966e-07   1.75068e-06   -4.0901e-06   2.88068e-06   -2.77154e-06   -2.30512e-06   -5.87528e-06   -6.829e-08   -5.61806e-06   3.26261e-06   6.56256e-07   
4.29239e-06   2.91447e-06   4.7157e-06   5.87395e-06   3.63356e-06   2.32392e-06   1.3327e-06   2.9366e-06   5.13064e-06   -1.45246e-06   -1.1926e-06   -2.99073e-07   -2.86412e-06   -6.25608e-06   -7.80103e-06   -4.84392e-06   -4.15441e-06   -6.03729e-06   5.71156e-06   6.40545e-06   1.13883e-06   5.68754e-07   1.76574e-06   -4.2374e-06   2.91872e-06   -3.0156e-06   -2.11926e-06   -5.87243e-06   -1.90604e-08   -5.45294e-06   3.27248e-06   6.64707e-07   
3.99212e-06   2.92894e-06   4.40255e-06   5.97801e-06   3.48459e-06   2.45286e-06   1.37752e-06   2.98248e-06   4.91714e-06   -1.47352e-06   -1.30215e-06   -3.78127e-07   -2.84718e-06   -6.33975e-06   -7.90798e-06   -4.79682e-06   -3.91584e-06   -6.2577e-06   5.7278e-06   6.43598e-06   1.29914e-06   6.14004e-07   1.68788e-06   -4.13041e-06   2.91396e-06   -2.91822e-06   -2.19748e-06   -5.80969e-06   2.6403e-07   -5.28713e-06   3.14442e-06   9.32895e-07   
4.04522e-06   3.08459e-06   4.60596e-06   5.6802e-06   3.44962e-06   2.4723e-06   1.57546e-06   2.95588e-06   4.73689e-06   -1.39817e-06   -1.16489e-06   -2.48037e-07   -2.82556e-06   -6.36386e-06   -7.91712e-06   -4.80721e-06   -3.85123e-06   -6.10966e-06   5.53327e-06   6.29059e-06   1.45164e-06   8.82377e-07   1.55251e-06   -4.25683e-06   2.93393e-06   -2.67869e-06   -2.3278e-06   -5.78568e-06   2.5015e-07   -5.40594e-06   2.91727e-06   7.01567e-07   
4.12534e-06   3.02931e-06   4.77615e-06   5.56135e-06   3.76806e-06   2.50838e-06   1.46749e-06   3.04073e-06   4.64493e-06   -1.27217e-06   -1.19922e-06   -4.71786e-07   -2.87869e-06   -6.39617e-06   -7.85636e-06   -4.53488e-06   -4.02433e-06   -6.03266e-06   5.54115e-06   6.36298e-06   1.3986e-06   8.12842e-07   1.56341e-06   -4.31996e-06   2.79649e-06   -2.82998e-06   -2.26581e-06   -6.15059e-06   2.22943e-07   -5.36416e-06   3.12631e-06   8.24023e-07   
3.96853e-06   2.89567e-06   4.52027e-06   5.5814e-06   3.63075e-06   2.66096e-06   1.44057e-06   3.08916e-06   4.73682e-06   -1.07847e-06   -1.18846e-06   -3.54999e-07   -2.95639e-06   -6.35257e-06   -7.92949e-06   -4.79328e-06   -3.98017e-06   -6.12531e-06   5.47772e-06   6.18222e-06   1.75002e-06   6.74369e-07   1.42653e-06   -4.09865e-06   2.81635e-06   -2.78593e-06   -2.17582e-06   -5.94098e-06   2.51874e-07   -5.50854e-06   2.98715e-06   1.15616e-06   
4.32133e-06   3.05523e-06   4.463e-06   5.64635e-06   3.55309e-06   2.68294e-06   1.61323e-06   3.01343e-06   4.4467e-06   -1.13293e-06   -9.70335e-07   -4.29174e-07   -2.95581e-06   -6.26777e-06   -7.68058e-06   -4.60759e-06   -4.09708e-06   -6.19095e-06   5.34305e-06   6.17968e-06   1.59663e-06   8.45221e-07   1.3357e-06   -4.15537e-06   2.60297e-06   -2.63706e-06   -2.22026e-06   -5.86312e-06   3.15315e-07   -5.44836e-06   2.83138e-06   7.98301e-07   
4.05012e-06   3.13422e-06   4.26843e-06   5.33635e-06   3.50942e-06   2.82098e-06   1.48246e-06   2.83899e-06   4.70675e-06   -1.01862e-06   -8.65022e-07   -3.73518e-07   -2.83707e-06   -6.20466e-06   -7.69715e-06   -4.71167e-06   -3.97728e-06   -5.92204e-06   5.33286e-06   6.11717e-06   1.4444e-06   8.536e-07   1.21942e-06   -4.18311e-06   2.62015e-06   -2.58484e-06   -2.18776e-06   -5.91465e-06   2.84955e-07   -5.36485e-06   2.80344e-06   9.98446e-07   
4.22751e-06   3.006e-06   4.53888e-06   5.6108e-06   3.44432e-06   2.73293e-06   1.54755e-06   2.93464e-06   4.3834e-06   -1.14329e-06   -1.02636e-06   -3.59871e-07   -2.96189e-06   -6.38674e-06   -7.63627e-06   -4.66796e-06   -4.06056e-06   -6.10761e-06   5.33732e-06   6.09194e-06   1.7258e-06   9.9525e-07   1.26477e-06   -4.07535e-06   2.42216e-06   -2.59923e-06   -2.34439e-06   -5.72962e-06   1.87122e-07   -5.3436e-06   2.93441e-06   1.03221e-06   
4.08996e-06   3.05514e-06   4.285e-06   5.38474e-06   3.75534e-06   2.57689e-06   1.40522e-06   2.61385e-06   4.28514e-06   -1.12541e-06   -1.02162e-06   -4.26275e-07   -2.86093e-06   -6.35916e-06   -7.37942e-06   -4.31598e-06   -3.86654e-06   -6.16925e-06   5.31128e-06   6.01318e-06   1.58246e-06   9.22346e-07   1.41252e-06   -4.12452e-06   2.56162e-06   -2.60459e-06   -2.31339e-06   -5.75206e-06   4.35452e-07   -5.33559e-06   2.88718e-06   1.05436e-06   
4.19047e-06   3.1362e-06   4.29107e-06   5.50032e-06   3.57053e-06   2.79507e-06   1.53988e-06   2.63126e-06   4.16507e-06   -9.85289e-07   -9.16429e-07   -5.55571e-07   -3.00617e-06   -6.25488e-06   -7.59238e-06   -4.5261e-06   -3.94211e-06   -6.10228e-06   5.33938e-06   5.77341e-06   1.74286e-06   1.12743e-06   1.14728e-06   -3.92574e-06   2.39195e-06   -2.37091e-06   -2.16011e-06   -5.81452e-06   2.58503e-07   -5.52336e-06   2.9967e-06   1.04514e-06   
4.05391e-06   3.13545e-06   4.28279e-06   5.40086e-06   3.52903e-06   2.60038e-06   1.71636e-06   2.78178e-06   4.22632e-06   -9.33443e-07   -9.56857e-07   -3.51275e-07   -3.08045e-06   -6.35795e-06   -7.48221e-06   -4.45019e-06   -3.90596e-06   -6.01411e-06   5.30393e-06   5.72259e-06   1.7027e-06   1.13003e-06   1.09046e-06   -3.87753e-06   2.37293e-06   -2.50213e-06   -2.27409e-06   -5.61396e-06   1.30237e-07   -5.28429e-06   2.71274e-06   1.15945e-06   
4.06545e-06   3.06543e-06   4.12812e-06   5.33801e-06   3.5942e-06   2.79611e-06   1.6059e-06   2.63267e-06   4.16043e-06   -9.25993e-07   -8.18509e-07   -3.80475e-07   -3.11414e-06   -6.23396e-06   -7.52157e-06   -4.43966e-06   -3.96029e-06   -5.92959e-06   4.98581e-06   5.67525e-06   1.83828e-06   1.09627e-06   1.22606e-06   -3.84985e-06   2.30893e-06   -2.39151e-06   -2.31815e-06   -5.6547e-06   3.33303e-07   -5.22108e-06   2.77583e-06   1.10895e-06   
3.86804e-06   3.26873e-06   3.9474e-06   5.08799e-06   3.67633e-06   2.90465e-06   1.62112e-06   2.56486e-06   3.99485e-06   -9.10855e-07   -6.46579e-07   -6.07533e-07   -3.11269e-06   -6.15128e-06   -7.46357e-06   -4.15414e-06   -3.89325e-06   -5.88728e-06   4.97447e-06   5.62673e-06   1.92896e-06   1.16764e-06   9.35702e-07   -3.74272e-06   2.19649e-06   -2.36789e-06   -2.26845e-06   -5.68202e-06   4.31557e-07   -5.28291e-06   2.90227e-06   1.0533e-06   
3.90636e-06   3.16817e-06   3.9697e-06   5.11432e-06   3.60144e-06   2.94269e-06   1.69744e-06   2.4606e-06   3.88686e-06   -6.27562e-07   -1.04938e-06   -4.81415e-07   -2.93759e-06   -6.0558e-06   -7.41034e-06   -4.42381e-06   -3.73501e-06   -5.98923e-06   4.82436e-06   5.51591e-06   1.82616e-06   1.03617e-06   7.80096e-07   -3.79858e-06   2.3183e-06   -2.19548e-06   -2.20799e-06   -5.26959e-06   3.89043e-07   -5.1403e-06   2.7155e-06   1.13791e-06   
4.05606e-06   3.00234e-06   3.87456e-06   5.11577e-06   3.66562e-06   2.88173e-06   1.75988e-06   2.37651e-06   3.90287e-06   -6.21814e-07   -7.06511e-07   -6.37674e-07   -2.90218e-06   -6.16053e-06   -7.29636e-06   -4.32635e-06   -3.8285e-06   -5.86549e-06   4.69668e-06   5.47321e-06   1.80762e-06   1.20498e-06   8.65786e-07   -3.72927e-06   2.12234e-06   -2.18839e-06   -2.43492e-06   -5.52145e-06   4.74204e-07   -5.07453e-06   2.76298e-06   1.21686e-06   
3.92201e-06   3.03006e-06   4.00285e-06   4.94338e-06   3.65827e-06   2.77758e-06   1.75875e-06   2.38552e-06   3.96664e-06   -5.90924e-07   -8.083e-07   -5.31469e-07   -2.89836e-06   -5.76597e-06   -7.0026e-06   -4.19498e-06   -3.93117e-06   -5.8696e-06   4.67016e-06   5.43755e-06   2.00059e-06   1.01771e-06   8.80868e-07   -3.67405e-06   1.87023e-06   -2.25608e-06   -2.30168e-06   -5.30492e-06   2.33162e-07   -5.19826e-06   2.70183e-06   1.04497e-06   
3.7663e-06   3.16462e-06   3.99712e-06   4.8472e-06   3.51501e-06   2.82957e-06   1.8352e-06   2.24861e-06   3.73722e-06   -5.99609e-07   -6.65129e-07   -7.40848e-07   -2.99366e-06   -5.95105e-06   -7.04118e-06   -4.09674e-06   -3.78701e-06   -5.74441e-06   4.7815e-06   5.3031e-06   1.8348e-06   1.11781e-06   8.60481e-07   -3.62787e-06   2.01517e-06   -2.2192e-06   -2.32469e-06   -5.254e-06   3.92685e-07   -5.1462e-06   2.71433e-06   1.19951e-06   
3.96986e-06   3.24166e-06   3.6758e-06   5.05669e-06   3.60439e-06   2.77348e-06   1.82026e-06   2.02024e-06   3.72068e-06   -6.621e-07   -6.83432e-07   -4.36306e-07   -2.69455e-06   -5.83006e-06   -7.10608e-06   -4.07713e-06   -3.86495e-06   -5.75414e-06   4.49951e-06   5.19969e-06   1.82924e-06   1.24142e-06   8.85967e-07   -3.43594e-06   2.11356e-06   -2.19161e-06   -2.56005e-06   -5.23887e-06   3.96822e-07   -5.13226e-06   2.55709e-06   1.03555e-06   
3.76723e-06   2.96024e-06   4.08053e-06   4.73417e-06   3.68766e-06   2.84753e-06   1.70724e-06   2.22688e-06   3.55481e-06   -5.51087e-07   -6.68297e-07   -7.7732e-07   -2.83671e-06   -5.93676e-06   -7.05095e-06   -3.93142e-06   -3.72395e-06   -5.54333e-06   4.57243e-06   5.14629e-06   1.85174e-06   1.18331e-06   8.57153e-07   -3.51527e-06   1.90982e-06   -2.08945e-06   -2.20633e-06   -5.16243e-06   3.1668e-07   -4.93351e-06   2.38333e-06   1.11453e-06   
3.6766e-06   3.01903e-06   3.71852e-06   4.82371e-06   3.47371e-06   2.85361e-06   1.71913e-06   2.04065e-06   3.38916e-06   -5.11532e-07   -6.31095e-07   -5.13538e-07   -2.97998e-06   -5.71302e-06   -7.0716e-06   -4.08114e-06   -3.58318e-06   -5.40067e-06   4.27039e-06   4.99981e-06   2.07411e-06   1.05828e-06   7.59803e-07   -3.38085e-06   2.01638e-06   -1.94481e-06   -2.01209e-06   -5.16156e-06   4.55441e-07   -4.97897e-06   2.66034e-06   9.27999e-07   
3.53641e-06   2.95924e-06   3.61185e-06   4.80638e-06   3.58082e-06   2.82526e-06   1.88281e-06   2.15992e-06   3.4717e-06   -5.67712e-07   -6.90213e-07   -5.79442e-07   -2.69673e-06   -5.59105e-06   -6.98181e-06   -3.84346e-06   -3.68525e-06   -5.61604e-06   4.1346e-06   5.1105e-06   1.93373e-06   1.26896e-06   8.39827e-07   -3.46533e-06   2.00027e-06   -2.01289e-06   -2.17672e-06   -5.10163e-06   1.59967e-07   -4.93162e-06   2.39365e-06   1.22805e-06   
3.7064e-06   2.87191e-06   3.71093e-06   4.82014e-06   3.5626e-06   2.75986e-06   1.66753e-06   1.95385e-06   3.29976e-06   -4.65962e-07   -6.07619e-07   -6.24513e-07   -2.89587e-06   -5.71102e-06   -6.82487e-06   -3.9366e-06   -3.69521e-06   -5.47323e-06   4.29082e-06   5.14166e-06   2.05962e-06   1.13807e-06   7.41775e-07   -3.37413e-06   1.93425e-06   -1.81467e-06   -2.08685e-06   -5.1068e-06   1.96906e-07   -4.80625e-06   2.41557e-06   1.12199e-06   
3.6468e-06   2.8833e-06   3.3861e-06   4.65768e-06   3.51219e-06   2.7291e-06   1.80162e-06   1.98552e-06   3.34935e-06   -4.39264e-07   -6.47136e-07   -7.65354e-07   -2.76862e-06   -5.56063e-06   -6.50687e-06   -3.80674e-06   -3.72138e-06   -5.26456e-06   4.14106e-06   4.86762e-06   1.97654e-06   1.21894e-06   8.255e-07   -3.06262e-06   1.7259e-06   -2.00154e-06   -2.17475e-06   -5.11211e-06   4.06793e-07   -4.70894e-06   2.35185e-06   1.04539e-06   
3.67989e-06   2.82278e-06   3.70192e-06   4.44685e-06   3.5489e-06   2.67185e-06   1.67158e-06   1.91717e-06   3.28662e-06   -3.89339e-07   -7.50345e-07   -5.55288e-07   -2.95193e-06   -5.53235e-06   -6.64759e-06   -3.87281e-06   -3.65374e-06   -5.22298e-06   4.23773e-06   4.85411e-06   2.09169e-06   1.48828e-06   5.65292e-07   -3.13076e-06   1.62927e-06   -1.93739e-06   -2.19421e-06   -4.93307e-06   4.40665e-07   -4.7942e-06   2.3708e-06   1.11737e-06   
3.46958e-06   2.9086e-06   3.40898e-06   4.5489e-06   3.32266e-06   2.60487e-06   1.83912e-06   2.03349e-06   3.09748e-06   -3.50973e-07   -6.94547e-07   -7.36156e-07   -2.77397e-06   -5.46256e-06   -6.51346e-06   -3.65306e-06   -3.58445e-06   -5.13633e-06   3.97557e-06   4.55648e-06   1.99914e-06   1.25695e-06   6.66905e-07   -3.09973e-06   1.6744e-06   -1.86287e-06   -2.17851e-06   -4.9174e-06   6.14636e-07   -4.70427e-06   2.45028e-06   1.2139e-06   
3.51677e-06   2.84948e-06   3.35199e-06   4.3726e-06   3.33452e-06   2.74954e-06   1.77402e-06   2.08081e-06   3.13296e-06   -5.40272e-07   -3.34929e-07   -5.74055e-07   -2.68369e-06   -5.45491e-06   -6.33469e-06   -3.6761e-06   -3.51236e-06   -5.04568e-06   3.89966e-06   4.73392e-06   1.90029e-06   1.39671e-06   6.00412e-07   -3.07288e-06   1.81267e-06   -1.94375e-06   -2.08249e-06   -4.8809e-06   3.8022e-07   -4.7924e-06   2.06062e-06   9.56879e-07   
3.39229e-06   2.88387e-06   3.41508e-06   4.22596e-06   3.39448e-06   2.69596e-06   1.72462e-06   1.84372e-06   2.99216e-06   -3.65495e-07   -6.09063e-07   -7.57795e-07   -2.84294e-06   -5.26618e-06   -6.28486e-06   -3.75405e-06   -3.61017e-06   -4.90612e-06   3.85076e-06   4.60105e-06   1.86183e-06   1.30427e-06   6.70685e-07   -2.959e-06   1.59979e-06   -1.7817e-06   -2.08716e-06   -4.60576e-06   3.32348e-07   -4.40871e-06   2.38509e-06   1.04097e-06   
3.39362e-06   2.74292e-06   3.29105e-06   4.39173e-06   3.20328e-06   2.79102e-06   1.71198e-06   1.84564e-06   2.92896e-06   -3.14146e-07   -6.1768e-07   -6.73291e-07   -2.79471e-06   -5.06829e-06   -6.23661e-06   -3.43213e-06   -3.46764e-06   -4.92382e-06   3.73457e-06   4.30347e-06   1.79736e-06   1.08935e-06   7.11608e-07   -2.97187e-06   1.60253e-06   -1.70136e-06   -1.98048e-06   -4.5151e-06   2.41024e-07   -4.56222e-06   2.36406e-06   1.08391e-06   
3.31778e-06   2.82949e-06   3.26678e-06   4.11888e-06   3.25021e-06   2.54236e-06   1.74027e-06   1.66528e-06   2.87484e-06   -5.23811e-07   -3.89382e-07   -5.62061e-07   -2.81528e-06   -4.99418e-06   -6.10141e-06   -3.52213e-06   -3.41879e-06   -5.07695e-06   3.8071e-06   4.40934e-06   1.86533e-06   1.27878e-06   5.96384e-07   -2.91365e-06   1.62151e-06   -1.62122e-06   -2.12196e-06   -4.83134e-06   4.99197e-07   -4.3667e-06   2.35536e-06   1.1932e-06   
3.28428e-06   2.64754e-06   2.95869e-06   4.16454e-06   3.16115e-06   2.67282e-06   1.8573e-06   1.90353e-06   2.81198e-06   -4.0289e-07   -3.95078e-07   -6.29427e-07   -2.41622e-06   -5.13355e-06   -6.01895e-06   -3.38549e-06   -3.51886e-06   -4.78633e-06   3.61013e-06   4.25111e-06   1.81698e-06   1.3707e-06   6.98117e-07   -3.10811e-06   1.46426e-06   -1.57434e-06   -2.15722e-06   -4.48442e-06   5.20787e-07   -4.33646e-06   2.24484e-06   8.82825e-07   
3.31183e-06   2.58492e-06   3.10192e-06   3.98926e-06   3.20027e-06   2.82818e-06   1.66862e-06   1.60383e-06   2.79985e-06   -1.97742e-07   -3.0883e-07   -7.99093e-07   -2.59275e-06   -4.97497e-06   -5.99299e-06   -3.56305e-06   -3.36762e-06   -4.73262e-06   3.46042e-06   4.221e-06   1.79813e-06   1.34252e-06   4.03927e-07   -2.8802e-06   1.57188e-06   -1.57545e-06   -2.07872e-06   -4.46646e-06   3.92328e-07   -4.32841e-06   2.2105e-06   1.34376e-06   
2.95855e-06   2.76001e-06   2.90307e-06   4.11612e-06   3.03518e-06   2.54876e-06   1.71535e-06   1.53615e-06   2.56547e-06   -1.9613e-07   -3.05095e-07   -8.04132e-07   -2.70842e-06   -4.78435e-06   -5.76366e-06   -3.24092e-06   -3.36919e-06   -4.70975e-06   3.60249e-06   4.22994e-06   1.91429e-06   1.42245e-06   5.92746e-07   -2.8721e-06   1.30928e-06   -1.62444e-06   -1.92312e-06   -4.4227e-06   4.88237e-07   -4.22056e-06   2.15024e-06   1.07781e-06   
3.00512e-06   2.61087e-06   3.03577e-06   3.93244e-06   3.04508e-06   2.58372e-06   1.69468e-06   1.52383e-06   2.73652e-06   -5.87932e-07   -5.13197e-07   -4.35186e-07   -2.53708e-06   -4.84063e-06   -5.73685e-06   -3.37376e-06   -3.24889e-06   -4.73563e-06   3.40408e-06   4.2094e-06   1.93878e-06   1.40374e-06   4.55813e-07   -2.71636e-06   1.39824e-06   -1.7671e-06   -1.72566e-06   -4.29971e-06   5.28881e-07   -4.14772e-06   1.95245e-06   1.17458e-06   
3.19862e-06   2.34558e-06   2.89714e-06   3.65259e-06   2.98968e-06   2.56624e-06   1.74137e-06   1.63127e-06   2.53522e-06   -1.64858e-07   -2.10808e-07   -5.27836e-07   -2.44398e-06   -4.91063e-06   -5.55276e-06   -3.14698e-06   -3.40938e-06   -4.60195e-06   3.41272e-06   4.07414e-06   1.68171e-06   1.41996e-06   3.78189e-07   -2.64821e-06   1.31139e-06   -1.4948e-06   -1.71372e-06   -4.43267e-06   4.99491e-07   -4.07626e-06   2.02741e-06   9.49088e-07   
3.04168e-06   2.53753e-06   2.90941e-06   3.72578e-06   3.02331e-06   2.53386e-06   1.65428e-06   1.59679e-06   2.71749e-06   -2.75312e-07   -3.72451e-07   -7.04621e-07   -2.42163e-06   -4.77862e-06   -5.60934e-06   -3.09404e-06   -3.14146e-06   -4.37882e-06   3.25721e-06   3.92996e-06   1.70407e-06   1.26526e-06   3.65323e-07   -2.67274e-06   1.41127e-06   -1.5993e-06   -1.75521e-06   -4.18751e-06   3.14307e-07   -3.93384e-06   1.88393e-06   1.02466e-06   
3.02806e-06   2.46722e-06   2.76788e-06   3.69036e-06   3.05545e-06   2.69533e-06   1.66953e-06   1.6119e-06   2.45848e-06   -3.32346e-07   -1.71327e-07   -7.70823e-07   -2.67918e-06   -4.72959e-06   -5.5392e-06   -3.16698e-06   -3.08862e-06   -4.37299e-06   3.39579e-06   4.0281e-06   1.87822e-06   1.26127e-06   4.16123e-07   -2.48554e-06   1.23589e-06   -1.48081e-06   -1.96054e-06   -4.25668e-06   3.27114e-07   -3.99252e-06   2.05243e-06   9.62173e-07   
2.83362e-06   2.41953e-06   2.74454e-06   3.58354e-06   2.76676e-06   2.4528e-06   1.58886e-06   1.4561e-06   2.29353e-06   -1.66552e-07   -2.25922e-07   -6.54687e-07   -2.37655e-06   -4.57692e-06   -5.2311e-06   -3.05178e-06   -3.05598e-06   -4.33057e-06   3.01955e-06   3.87493e-06   1.60392e-06   1.37925e-06   5.51434e-07   -2.43803e-06   1.33977e-06   -1.30079e-06   -1.92907e-06   -4.19933e-06   5.97245e-07   -3.89657e-06   1.96334e-06   9.44879e-07   
2.86078e-06   2.43441e-06   2.74498e-06   3.40473e-06   2.77852e-06   2.3776e-06   1.66176e-06   1.48507e-06   2.41278e-06   -1.25313e-07   -2.92951e-07   -6.94213e-07   -2.50484e-06   -4.43674e-06   -5.19804e-06   -3.13012e-06   -2.86579e-06   -4.28632e-06   3.10947e-06   3.59522e-06   1.87793e-06   1.31592e-06   3.96039e-07   -2.44913e-06   1.08835e-06   -1.28126e-06   -1.74222e-06   -3.92806e-06   5.09004e-07   -4.03669e-06   1.77918e-06   1.11657e-06   
2.85516e-06   2.32979e-06   2.63751e-06   3.55079e-06   3.09432e-06   2.4581e-06   1.63947e-06   1.49105e-06   2.32758e-06   -2.99898e-07   -3.883e-07   -6.51792e-07   -2.39481e-06   -4.43003e-06   -5.17305e-06   -2.96895e-06   -2.84092e-06   -4.2408e-06   3.0655e-06   3.56745e-06   1.83538e-06   1.14125e-06   3.3275e-07   -2.44499e-06   1.12469e-06   -1.3319e-06   -1.68426e-06   -4.02366e-06   3.63398e-07   -3.8522e-06   1.79864e-06   1.09199e-06   
2.65708e-06   2.45931e-06   2.61714e-06   3.48632e-06   2.77641e-06   2.38238e-06   1.66401e-06   1.39808e-06   2.27218e-06   -1.77492e-08   -2.72981e-07   -5.93916e-07   -2.3903e-06   -4.24985e-06   -4.87029e-06   -2.97532e-06   -2.95323e-06   -4.2026e-06   2.97054e-06   3.49413e-06   1.62649e-06   1.08123e-06   3.9144e-07   -2.16369e-06   1.27087e-06   -1.34226e-06   -1.92841e-06   -3.91478e-06   4.04523e-07   -3.79829e-06   1.79555e-06   9.02026e-07   
2.66577e-06   2.38276e-06   2.58236e-06   3.32662e-06   2.63508e-06   2.4338e-06   1.5699e-06   1.46997e-06   2.1178e-06   -2.22047e-07   -3.26483e-07   -6.583e-07   -2.20908e-06   -4.0159e-06   -4.93329e-06   -2.8384e-06   -2.85945e-06   -4.01787e-06   2.96719e-06   3.58467e-06   1.70567e-06   1.11332e-06   2.50688e-07   -2.44734e-06   9.42274e-07   -1.2614e-06   -1.71002e-06   -3.74497e-06   4.58812e-07   -3.9005e-06   1.77061e-06   1.15173e-06   
2.63393e-06   2.16697e-06   2.34217e-06   3.35104e-06   2.74818e-06   2.41679e-06   1.31627e-06   1.24861e-06   2.31734e-06   7.92333e-08   -1.89585e-07   -5.90425e-07   -2.17321e-06   -4.2987e-06   -5.0528e-06   -2.8411e-06   -2.80655e-06   -3.86951e-06   2.96483e-06   3.46881e-06   1.65116e-06   1.29235e-06   2.69969e-07   -2.30359e-06   1.09218e-06   -1.34695e-06   -1.76957e-06   -3.60939e-06   6.04663e-07   -3.67892e-06   1.53349e-06   1.00865e-06   
2.45836e-06   2.28256e-06   2.51914e-06   3.31228e-06   2.57664e-06   2.17865e-06   1.5149e-06   1.28836e-06   2.24583e-06   -2.39998e-07   -3.11415e-07   -6.84331e-07   -2.14351e-06   -4.24771e-06   -4.78884e-06   -2.77578e-06   -2.74119e-06   -4.08034e-06   2.74268e-06   3.50587e-06   1.88054e-06   1.17221e-06   4.17625e-07   -2.17152e-06   9.52243e-07   -1.11834e-06   -1.79956e-06   -3.79545e-06   6.37945e-07   -3.47642e-06   1.68094e-06   9.87092e-07   
2.66138e-06   2.39175e-06   2.34347e-06   3.13666e-06   2.57104e-06   2.12233e-06   1.54921e-06   1.2812e-06   2.03203e-06   -1.86101e-07   -3.05328e-07   -7.32314e-07   -2.26306e-06   -4.02864e-06   -4.80164e-06   -2.56902e-06   -2.62823e-06   -3.72535e-06   2.64381e-06   3.28506e-06   1.75726e-06   1.21876e-06   2.89916e-07   -2.19623e-06   1.06411e-06   -1.31909e-06   -1.70053e-06   -3.73255e-06   3.28523e-07   -3.29578e-06   1.66564e-06   1.12342e-06   
2.62351e-06   2.18722e-06   2.49807e-06   2.97547e-06   2.52919e-06   2.27029e-06   1.24439e-06   1.33321e-06   2.041e-06   -2.5684e-07   -3.53855e-07   -6.2354e-07   -2.24953e-06   -4.00957e-06   -4.63148e-06   -2.65523e-06   -2.71806e-06   -3.69279e-06   2.52026e-06   3.37681e-06   1.64832e-06   1.27359e-06   2.81144e-07   -2.15253e-06   9.61984e-07   -1.12783e-06   -1.58587e-06   -3.49074e-06   3.27934e-07   -3.28595e-06   1.71653e-06   1.00244e-06   
2.63696e-06   2.15182e-06   2.1845e-06   3.17723e-06   2.47467e-06   2.14923e-06   1.35845e-06   1.2617e-06   1.87758e-06   -2.31689e-07   -1.92691e-07   -5.21859e-07   -2.06676e-06   -3.82618e-06   -4.65783e-06   -2.62938e-06   -2.49315e-06   -3.72453e-06   2.499e-06   3.305e-06   1.40264e-06   1.03875e-06   2.74613e-07   -2.24773e-06   9.7609e-07   -1.04867e-06   -1.666e-06   -3.35852e-06   4.97773e-07   -3.4072e-06   1.67961e-06   1.10458e-06   
2.54187e-06   2.10111e-06   2.07189e-06   2.8427e-06   2.61805e-06   2.25767e-06   1.35589e-06   1.27533e-06   1.87273e-06   -7.92639e-08   -1.11932e-07   -4.60714e-07   -2.11341e-06   -3.86425e-06   -4.57537e-06   -2.51702e-06   -2.63179e-06   -3.6734e-06   2.53078e-06   3.00205e-06   1.61248e-06   1.04442e-06   4.16456e-07   -2.0415e-06   1.01902e-06   -1.1186e-06   -1.54934e-06   -3.33768e-06   3.21065e-07   -3.31367e-06   1.54187e-06   9.36009e-07   
2.36836e-06   2.23169e-06   2.05134e-06   2.88567e-06   2.42391e-06   2.03912e-06   1.4873e-06   1.15984e-06   1.97549e-06   -2.59076e-07   -2.51532e-07   -7.3243e-07   -2.006e-06   -3.73637e-06   -4.36467e-06   -2.53849e-06   -2.56601e-06   -3.65504e-06   2.44455e-06   2.96961e-06   1.68029e-06   1.32201e-06   2.95088e-07   -1.86026e-06   8.77674e-07   -1.10926e-06   -1.53804e-06   -3.13265e-06   7.19238e-07   -3.33005e-06   1.46069e-06   6.64292e-07   
2.43517e-06   2.02593e-06   1.94703e-06   2.95032e-06   2.43455e-06   2.11208e-06   1.42544e-06   1.0204e-06   1.70158e-06   1.33356e-07   -3.40202e-07   -6.20771e-07   -2.10529e-06   -3.60209e-06   -4.30595e-06   -2.31653e-06   -2.38301e-06   -3.44293e-06   2.25867e-06   2.996e-06   1.54252e-06   1.03407e-06   3.77372e-07   -1.95467e-06   8.61965e-07   -1.07202e-06   -1.56669e-06   -3.28312e-06   3.25705e-07   -3.07173e-06   1.45004e-06   1.01088e-06   
2.33156e-06   2.04038e-06   2.11082e-06   2.71193e-06   2.27683e-06   2.08313e-06   1.28477e-06   1.1074e-06   1.56547e-06   4.71806e-09   -2.50915e-07   -5.50316e-07   -1.8592e-06   -3.50468e-06   -4.10964e-06   -2.3006e-06   -2.54318e-06   -3.38027e-06   2.27535e-06   2.85688e-06   1.47643e-06   9.87655e-07   2.28107e-07   -1.97398e-06   8.36714e-07   -1.09985e-06   -1.3579e-06   -3.11323e-06   3.42951e-07   -2.88162e-06   1.54993e-06   8.2673e-07   
2.13076e-06   2.02523e-06   2.04798e-06   2.80903e-06   2.20067e-06   2.09167e-06   1.17226e-06   1.17349e-06   1.64369e-06   -6.64752e-08   -4.2506e-07   -5.04216e-07   -2.01463e-06   -3.57651e-06   -4.11549e-06   -2.25973e-06   -2.26667e-06   -3.36024e-06   2.30652e-06   2.84742e-06   1.43859e-06   1.17876e-06   2.60868e-07   -1.80886e-06   7.85088e-07   -9.57566e-07   -1.34647e-06   -3.14955e-06   2.30816e-07   -3.03542e-06   1.52726e-06   9.99515e-07   
