    Cz     69          0.0       0.0      1
    C4     69          0.0      45.0      1
    Fz     69         90.0      45.0      1
    C3     69        180.0      45.0      1
    Pz     69        270.0      45.0      1
    F4     69         49.3      61.8      1
    F3     69        130.7      61.8      1
    P3     69        229.3      61.8      1
    P4     69        310.7      61.8      1
    T4     69          0.0      90.0      1
    F8     69         36.0      90.0      1
    FP2    69         72.0      90.0      1
    FP1    69        108.0      90.0      1
    F7     69        144.0      90.0      1
    T3     69        180.0      90.0      1
    T5     69        216.0      90.0      1
    O1     69        252.0      90.0      1
    O2     69        288.0      90.0      1
    T6     69        324.0      90.0      1