Left      	108	    0.0000	    0.9237	   -0.3826
Right     	114	    0.0000	   -0.9237	   -0.3826
Nasion    	110	    0.9230	    0.0000	   -0.3824
Fp1       	 69	    0.9511	    0.3090	    0.0001
Fpz       	 69	    1.0000	    0.0000	    0.0001
Fp2       	 69	    0.9511	   -0.3091	    0.0000
AFp3      	 69	    0.9565	    0.2508	    0.1438
AFp4      	 69	    0.9565	   -0.2508	    0.1437
AF7       	 69	    0.8090	    0.5878	    0.0000
AF3       	 69	    0.8920	    0.3554	    0.2782
AF4       	 69	    0.8919	   -0.3553	    0.2783
AF8       	 69	    0.8090	   -0.5878	    0.0000
AFF5h     	 69	    0.7777	    0.5417	    0.3163
AFF1h     	 69	    0.8289	    0.1220	    0.5452
AFF2h     	 69	    0.8289	   -0.1220	    0.5452
AFF6h     	 69	    0.7777	   -0.5417	    0.3163
F7        	 69	    0.5878	    0.8090	    0.0000
F5        	 69	    0.6343	    0.7210	    0.2764
F3        	 69	    0.6726	    0.5399	    0.5043
F1        	 69	    0.6979	    0.2888	    0.6542
Fz        	 69	    0.7067	    0.0000	    0.7067
F2        	 69	    0.6979	   -0.2888	    0.6542
F4        	 69	    0.6726	   -0.5399	    0.5043
F6        	 69	    0.6343	   -0.7210	    0.2764
F8        	 69	    0.5878	   -0.8090	    0.0000
FFT7h     	 69	    0.4741	    0.8642	    0.1647
FFC5h     	 69	    0.5107	    0.7218	    0.4651
FFC3h     	 69	    0.5384	    0.4782	    0.6925
FFC1h     	 69	    0.5533	    0.1672	    0.8148
FFC2h     	 69	    0.5533	   -0.1672	    0.8148
FFC4h     	 69	    0.5384	   -0.4782	    0.6925
FFC6h     	 69	    0.5107	   -0.7218	    0.4651
FFT8h     	 69	    0.4741	   -0.8642	    0.1647
FT9       	 69	    0.2852	    0.8777	   -0.3826
FT7       	 69	    0.3090	    0.9511	    0.0000
FC5       	 69	    0.3373	    0.8709	    0.3549
FC3       	 69	    0.3612	    0.6638	    0.6545
FC1       	 69	    0.3770	    0.3581	    0.8532
FCz       	 69	    0.3826	    0.0000	    0.9233
FC2       	 69	    0.3770	   -0.3581	    0.8532
FC4       	 69	    0.3612	   -0.6638	    0.6545
FC6       	 69	    0.3373	   -0.8709	    0.3549
FT8       	 69	    0.3090	   -0.9511	    0.0000
FT10      	 69	    0.2852	   -0.8777	   -0.3826
FTT7h     	 69	    0.1640	    0.9669	    0.1915
FCC5h     	 69	    0.1779	    0.8184	    0.5448
FCC3h     	 69	    0.1887	    0.5466	    0.8154
FCC1h     	 69	    0.1944	    0.1919	    0.9615
FCC2h     	 69	    0.1944	   -0.1919	    0.9615
FCC4h     	 69	    0.1887	   -0.5466	    0.8154
FCC6h     	 69	    0.1779	   -0.8184	    0.5448
FTT8h     	 69	    0.1640	   -0.9669	    0.1915
T9        	 69	   -0.0001	    0.9237	   -0.3826
T7        	 69	    0.0000	    1.0000	    0.0000
C5        	 69	    0.0001	    0.9237	    0.3826
C3        	 69	    0.0001	    0.7066	    0.7066
C1        	 69	    0.0002	    0.3824	    0.9231
C2        	 69	    0.0001	   -0.3824	    0.9231
C4        	 69	    0.0001	   -0.7066	    0.7066
C6        	 69	    0.0001	   -0.9237	    0.3826
T8        	 69	    0.0000	   -1.0000	    0.0000
T10       	 69	    0.0000	   -0.9237	   -0.3826
TTP7h     	 69	   -0.1639	    0.9669	    0.1915
CCP5h     	 69	   -0.1778	    0.8185	    0.5449
CCP3h     	 69	   -0.1883	    0.5465	    0.8153
CCP1h     	 69	   -0.1940	    0.1918	    0.9611
CCP2h     	 69	   -0.1940	   -0.1918	    0.9611
CCP4h     	 69	   -0.1884	   -0.5465	    0.8153
CCP6h     	 69	   -0.1778	   -0.8185	    0.5449
TTP8h     	 69	   -0.1639	   -0.9669	    0.1915
TP9       	 69	   -0.2852	    0.8777	   -0.3826
TP7       	 69	   -0.3090	    0.9511	   -0.0001
CP5       	 69	   -0.3372	    0.8712	    0.3552
CP3       	 69	   -0.3609	    0.6635	    0.6543
CP1       	 69	   -0.3767	    0.3580	    0.8534
CPz       	 69	   -0.3822	    0.0000	    0.9231
CP2       	 69	   -0.3767	   -0.3580	    0.8534
CP4       	 69	   -0.3608	   -0.6635	    0.6543
CP6       	 69	   -0.3372	   -0.8712	    0.3552
TP8       	 69	   -0.3090	   -0.9511	   -0.0001
TP10      	 69	   -0.2853	   -0.8777	   -0.3826
TPP7h     	 69	   -0.4740	    0.8639	    0.1646
CPP5h     	 69	   -0.5106	    0.7220	    0.4653
CPP3h     	 69	   -0.5384	    0.4786	    0.6933
CPP1h     	 69	   -0.5532	    0.1673	    0.8155
CPP2h     	 69	   -0.5532	   -0.1673	    0.8155
CPP4h     	 69	   -0.5384	   -0.4786	    0.6933
CPP6h     	 69	   -0.5106	   -0.7220	    0.4653
TPP8h     	 69	   -0.4740	   -0.8638	    0.1646
P9        	 69	   -0.5429	    0.7472	   -0.3826
P7        	 69	   -0.5878	    0.8090	   -0.0001
P5        	 69	   -0.6342	    0.7211	    0.2764
P3        	 69	   -0.6724	    0.5401	    0.5045
P1        	 69	   -0.6975	    0.2889	    0.6545
Pz        	 69	   -0.7063	    0.0000	    0.7065
P2        	 69	   -0.6975	   -0.2889	    0.6545
P4        	 69	   -0.6724	   -0.5401	    0.5045
P6        	 69	   -0.6342	   -0.7211	    0.2764
P8        	 69	   -0.5878	   -0.8090	   -0.0001
P10       	 69	   -0.5429	   -0.7472	   -0.3826
PPO3h     	 69	   -0.8108	    0.3520	    0.4659
PPO1h     	 69	   -0.8284	    0.1220	    0.5453
PPO2h     	 69	   -0.8284	   -0.1220	    0.5453
PPO4h     	 69	   -0.8108	   -0.3519	    0.4659
PO9       	 69	   -0.7467	    0.5425	   -0.3825
PO7       	 69	   -0.8090	    0.5878	    0.0000
PO3       	 69	   -0.8918	    0.3549	    0.2776
POz       	 69	   -0.9230	    0.0000	    0.3824
PO4       	 69	   -0.8918	   -0.3549	    0.2776
PO8       	 69	   -0.8090	   -0.5878	    0.0000
PO10      	 69	   -0.7467	   -0.5425	   -0.3825
POO1      	 69	   -0.9739	    0.1285	    0.1822
POO2      	 69	   -0.9739	   -0.1286	    0.1822
POO9h     	 69	   -0.8730	    0.4448	   -0.1950
O1        	 69	   -0.9511	    0.3090	    0.0000
Oz        	 69	   -1.0000	    0.0000	    0.0000
O2        	 69	   -0.9511	   -0.3090	    0.0000
POO10h    	 69	   -0.8730	   -0.4448	   -0.1950
OI1h      	 69	   -0.9679	    0.1533	   -0.1950
OI2h      	 69	   -0.9679	   -0.1533	   -0.1950
I1        	 69	   -0.8785	    0.2854	   -0.3824
Iz        	 69	   -0.9230	    0.0000	   -0.3823
I2        	 69	   -0.8785	   -0.2854	   -0.3824
AFp9h     	 69	    0.8732	    0.4449	   -0.1949
NFp1h     	 69	    0.9601	    0.1564	   -0.1949
NFp2h     	 69	    0.9601	   -0.1564	   -0.1949
AFp10h    	 69	    0.8732	   -0.4449	   -0.1949
Centroid  	 99	    0.0000	    0.0000	    0.0000
Ref       	120	    0.0000	   -0.9237	   -0.5773
