    1.0000   -196.8800    818.9000
    2.0000      0.0000    818.9000
    3.0000    196.8800    818.9000
    4.0000    -98.4400    754.4400
    5.0000     98.4400    754.4400
    6.0000   -295.3200    754.4400
    7.0000   -196.8800    697.2000
    8.0000    196.8800    697.2000
    9.0000    295.3200    754.4400
   10.0000   -295.3200    649.9700
   11.0000    -98.4400    639.9700
   12.0000     98.4400    639.9700
   13.0000    295.3200    649.9700
   14.0000   -492.2100    639.9700
   15.0000   -393.7700    571.2900
   16.0000   -295.3200    536.9500
   17.0000   -196.8800    525.5100
   18.0000      0.0000    525.5100
   19.0000    191.9600    525.5100
   20.0000    295.3200    536.9500
   21.0000    393.7700    571.2900
   22.0000    492.2100    639.9700
   23.0000   -511.9000    502.6100
   24.0000   -390.8100    433.9300
   25.0000   -295.3200    411.0400
   26.0000    -93.5200    411.0400
   27.0000     98.4400    411.0400
   28.0000    295.3200    411.0400
   29.0000    393.7700    433.9300
   30.0000    511.9000    502.6100
   31.0000   -689.0900    479.7200
   32.0000   -593.6000    388.1500
   33.0000   -492.2100    342.3600
   34.0000   -393.7700    319.4700
   35.0000   -191.9600    296.5700
   36.0000      0.0000    296.5700
   37.0000    196.8800    296.5700
   38.0000    388.8400    319.4700
   39.0000    492.2100    342.3600
   40.0000    590.6500    388.1500
   41.0000    689.0900    479.7200
   42.0000   -590.6500    250.7900
   43.0000   -492.2100    216.4500
   44.0000   -295.3200    182.1100
   45.0000    -98.4400    182.1100
   46.0000     98.4400    182.1100
   47.0000    295.3200    182.1100
   48.0000    492.2100    216.4500
   49.0000    590.6500    250.7900
   50.0000   -787.5300    296.5700
   51.0000   -689.0900    182.1100
   52.0000   -590.6500     67.6400
   53.0000   -393.7700     67.6400
   54.0000   -196.8800     67.6400
   55.0000    196.8800     67.6400
   56.0000    388.8400     67.6400
   57.0000    590.6500     67.6400
   58.0000    689.0900    182.1100
   59.0000    787.5300    296.5700
   60.0000   -689.0900    -46.8300
   61.0000   -492.2100    -46.8300
   62.0000   -295.3200    -46.8300
   63.0000    -98.4400    -46.8300
   64.0000     98.4400    -46.8300
   65.0000    295.3200    -46.8300
   66.0000    492.2100    -46.8300
   67.0000    689.0900    -46.8300
   68.0000   -787.5300   -390.2300
   69.0000   -689.0900   -275.7600
   70.0000   -590.6500   -157.6300
   71.0000   -393.7700   -161.2900
   72.0000   -196.8800   -157.6300
   73.0000      0.0000   -161.2900
   74.0000    196.8800   -161.2900
   75.0000    393.7700   -161.2900
   76.0000    590.6500   -161.2900
   77.0000    689.0900   -275.7600
   78.0000    787.5300   -390.2300
   79.0000   -590.6500   -390.2300
   80.0000   -492.2100   -275.7600
   81.0000   -295.3200   -275.7600
   82.0000    -93.5200   -275.7600
   83.0000     98.4400   -275.7600
   84.0000    295.3200   -275.7600
   85.0000    492.2100   -275.7600
   86.0000    590.6500   -390.2300
   87.0000   -634.9500   -664.9500
   88.0000   -590.6500   -527.5900
   89.0000   -492.2100   -458.9100
   90.0000   -393.7700   -424.5700
   91.0000   -191.9600   -401.6700
   92.0000      0.0000   -390.2300
   93.0000    196.8800   -401.6700
   94.0000    393.7700   -424.5700
   95.0000    492.2100   -458.9100
   96.0000    590.6500   -527.5900
   97.0000    634.9500   -664.9500
   98.0000   -295.3200   -527.5900
   99.0000    -93.5200   -504.6900
  100.0000     98.4400   -504.6900
  101.0000    295.3200   -527.5900
  102.0000   -492.2100   -596.2700
  103.0000   -339.6200   -692.0000
  104.0000   -246.1300   -608.7500
  105.0000      0.0000   -608.7500
  106.0000    246.1000   -608.7500
  107.0000    344.5500   -692.0000
  108.0000    492.2100   -596.2700
  109.0000    -98.4400   -692.0000
  110.0000     98.4400   -692.0000
  111.0000   -442.9900   -749.2300
  112.0000   -246.1000   -780.4500
  113.0000      0.0000   -780.4500
  114.0000    241.1800   -780.4500
  115.0000    442.9900   -749.2300
  116.0000    -93.5200   -837.6900
  117.0000     98.4400   -837.6900
  118.0000   -196.8800   -853.3000
  119.0000      0.0000   -902.2000
  120.0000    196.8800   -853.3000
  121.0000   -275.3200    828.9000
  122.0000    -98.4400    876.1400
  123.0000     98.4400    876.1400
  124.0000    275.3200    828.9000
