    Cz     69           0.0       0.0     1
    C4     69           0.0      45.0     1
    Fz     69          90.0      45.0     1
    C3     69         180.0      45.0     1
    Pz     69         270.0      45.0     1
    F4     69          49.3      61.8     1
    F3     69         130.7      61.8     1
    P3     69         229.3      61.8     1
    P4     69         310.7      61.8     1
    T4     69           0.0      90.0     1
    F8     69          36.0      90.0     1
    FP2    69          72.0      90.0     1
    FP1    69         108.0      90.0     1
    F7     69         144.0      90.0     1
    T3     69         180.0      90.0     1
    T5     69         216.0      90.0     1
    O1     69         252.0      90.0     1
    O2     69         288.0      90.0     1
    T6     69         324.0      90.0     1
    E1     69          45.0      30.0     1
    E2     69         135.0      30.0     1
    E3     69         225.0      30.0     1
    E4     69         315.0      30.0     1
    E5     69          75.0      66.5     1
    E6     69         105.0      66.5     1
    E7     69         255.0      66.5     1
    E8     69         285.0      66.5     1
    E9     69          20.0      69.5     1
    E10    69         160.0      69.5     1
    E11    69         200.0      69.5     1
    E12    69         340.0      69.5     1
    E13    69          18.0      90.0     1
    E14    69          54.0      90.0     1
    E15    69          90.0      90.0     1
    E16    69         126.0      90.0     1
    E17    69         162.0      90.0     1
    E18    69         198.0      90.0     1
    E19    69         234.0      90.0     1
    E20    69         240.0      90.0     1
    E21    69         306.0      90.0     1
    E22    69         342.0      90.0     1